3,1,783.01,502.70,146.28,115.42,1,-1,-1,-1
3,2,935.42,538.13,30.72,20.39,1,-1,-1,-1
3,3,195.37,1068.01,1524.39,114.00,1,-1,-1,-1
3,4,1240.20,527.87,42.90,28.64,1,-1,-1,-1
3,5,964.28,535.66,19.98,16.15,1,-1,-1,-1
3,7,1148.32,525.62,62.54,30.41,1,-1,-1,-1
3,8,1050.87,536.07,15.35,11.23,1,-1,-1,-1
3,9,1025.90,532.03,12.25,9.50,1,-1,-1,-1
4,1,783.38,503.47,144.96,114.26,1,-1,-1,-1
4,2,933.38,537.60,32.43,21.52,1,-1,-1,-1
4,3,195.47,1066.02,1556.73,116.58,1,-1,-1,-1
4,4,1240.53,528.88,39.32,26.27,1,-1,-1,-1
4,5,963.59,535.97,20.33,16.47,1,-1,-1,-1
4,7,1146.98,525.44,65.74,32.02,1,-1,-1,-1
4,8,1049.97,536.04,16.30,11.86,1,-1,-1,-1
4,9,1026.22,532.95,12.95,9.99,1,-1,-1,-1
5,1,784.09,503.75,144.11,113.49,1,-1,-1,-1
5,2,933.27,538.11,32.68,21.69,1,-1,-1,-1
5,3,191.65,1065.16,1570.40,117.79,1,-1,-1,-1
5,4,1240.82,528.79,41.98,28.06,1,-1,-1,-1
5,5,962.93,536.25,20.05,16.32,1,-1,-1,-1
5,7,1147.42,526.20,63.83,31.10,1,-1,-1,-1
5,8,1048.01,535.98,18.15,13.04,1,-1,-1,-1
5,9,1026.61,533.46,12.66,9.76,1,-1,-1,-1
6,1,783.69,506.06,142.18,111.67,1,-1,-1,-1
6,2,932.20,539.02,32.99,21.84,1,-1,-1,-1
6,3,169.50,1067.33,1537.64,115.24,1,-1,-1,-1
6,4,1238.93,529.60,42.67,28.63,1,-1,-1,-1
6,5,963.22,537.28,18.85,15.29,1,-1,-1,-1
6,7,1147.36,528.09,63.02,30.74,1,-1,-1,-1
6,8,1046.88,536.09,19.34,13.70,1,-1,-1,-1
7,1,784.44,507.03,142.72,111.74,1,-1,-1,-1
7,2,930.97,540.17,34.55,22.88,1,-1,-1,-1
7,3,196.32,1066.96,1547.67,116.17,1,-1,-1,-1
7,4,1240.86,531.36,40.52,27.19,1,-1,-1,-1
7,5,963.53,537.94,18.64,15.07,1,-1,-1,-1
7,7,1149.32,531.11,57.73,28.01,1,-1,-1,-1
7,8,1044.22,536.81,20.79,14.48,1,-1,-1,-1
8,1,784.22,507.10,143.78,112.21,1,-1,-1,-1
8,2,931.10,540.88,33.98,22.48,1,-1,-1,-1
8,3,197.72,1066.49,1554.83,116.78,1,-1,-1,-1
8,4,1241.06,531.81,40.55,27.27,1,-1,-1,-1
8,5,962.61,538.37,19.44,15.74,1,-1,-1,-1
8,7,1149.56,531.82,57.45,27.81,1,-1,-1,-1
8,8,1042.77,536.62,20.85,14.18,1,-1,-1,-1
8,14,1149.09,535.15,14.94,22.24,1,-1,-1,-1
9,1,784.59,507.02,143.68,111.84,1,-1,-1,-1
9,2,931.10,541.22,34.10,22.58,1,-1,-1,-1
9,3,205.80,1068.34,1533.00,114.94,1,-1,-1,-1
9,4,1241.50,531.94,40.53,27.24,1,-1,-1,-1
9,5,961.95,538.76,19.87,16.11,1,-1,-1,-1
9,7,1150.19,530.15,59.74,28.78,1,-1,-1,-1
9,8,1039.07,536.34,21.62,14.02,1,-1,-1,-1
9,14,1148.77,534.85,14.86,22.04,1,-1,-1,-1
10,1,782.97,506.05,146.23,113.86,1,-1,-1,-1
10,2,930.39,541.49,34.37,22.82,1,-1,-1,-1
10,3,206.69,1067.85,1538.04,115.37,1,-1,-1,-1
10,4,1241.60,532.28,39.74,26.70,1,-1,-1,-1
10,5,961.51,538.88,20.84,16.95,1,-1,-1,-1
10,7,1148.99,530.92,60.06,28.94,1,-1,-1,-1
10,8,1035.40,536.98,22.30,13.67,1,-1,-1,-1
10,14,1148.86,535.06,15.17,22.48,1,-1,-1,-1
11,1,783.28,506.49,145.60,113.05,1,-1,-1,-1
11,2,929.20,541.68,35.45,23.75,1,-1,-1,-1
11,3,202.55,1067.68,1539.98,115.59,1,-1,-1,-1
11,4,1241.58,532.07,40.10,26.99,1,-1,-1,-1
11,5,962.16,538.80,19.60,15.81,1,-1,-1,-1
11,7,1149.29,531.14,59.64,28.66,1,-1,-1,-1
11,8,1032.06,536.78,23.71,13.85,1,-1,-1,-1
11,14,1148.88,535.20,15.00,22.14,1,-1,-1,-1
12,1,783.83,507.15,144.93,112.22,1,-1,-1,-1
12,2,929.73,541.96,34.09,22.95,1,-1,-1,-1
12,3,221.17,1073.47,1478.29,110.15,1,-1,-1,-1
12,4,1241.36,531.84,40.35,27.25,1,-1,-1,-1
12,5,962.48,538.61,19.66,15.70,1,-1,-1,-1
12,7,1148.96,531.01,59.22,28.35,1,-1,-1,-1
12,8,1028.50,536.36,23.58,13.10,1,-1,-1,-1
12,14,1148.64,535.03,15.07,22.15,1,-1,-1,-1
13,1,783.54,507.02,145.64,112.46,1,-1,-1,-1
13,2,929.10,541.97,34.84,23.78,1,-1,-1,-1
13,3,204.35,1068.87,1535.25,114.71,1,-1,-1,-1
13,4,1241.43,531.94,41.04,27.75,1,-1,-1,-1
13,5,961.54,538.30,21.00,16.52,1,-1,-1,-1
13,7,1148.02,530.83,60.83,29.19,1,-1,-1,-1
13,8,1025.22,535.96,23.29,12.43,1,-1,-1,-1
13,14,1148.55,535.18,15.39,22.62,1,-1,-1,-1
14,1,782.25,506.24,147.21,113.85,1,-1,-1,-1
14,2,927.80,542.47,35.38,24.65,1,-1,-1,-1
14,3,200.19,1065.97,1605.51,120.77,1,-1,-1,-1
14,4,1241.87,531.91,40.78,27.62,1,-1,-1,-1
14,5,960.20,538.08,21.63,16.81,1,-1,-1,-1
14,7,1148.67,531.37,59.07,28.18,1,-1,-1,-1
14,8,1022.16,535.96,23.29,12.03,1,-1,-1,-1
14,14,1148.55,535.22,15.25,22.30,1,-1,-1,-1
15,1,782.47,506.78,146.75,113.27,1,-1,-1,-1
15,2,926.44,542.36,36.33,25.85,1,-1,-1,-1
15,3,209.18,1067.01,1562.99,117.88,1,-1,-1,-1
15,4,1240.92,532.55,42.18,28.04,1,-1,-1,-1
15,5,958.08,537.79,23.39,18.15,1,-1,-1,-1
15,7,1148.46,531.82,59.08,28.18,1,-1,-1,-1
15,8,1018.37,536.28,23.90,11.94,1,-1,-1,-1
15,14,1148.75,535.47,15.21,22.21,1,-1,-1,-1
16,1,780.47,507.89,148.25,114.27,1,-1,-1,-1
16,2,925.95,543.31,38.95,28.41,1,-1,-1,-1
16,3,242.48,1072.22,1495.82,112.35,1,-1,-1,-1
16,4,1242.01,533.40,41.33,27.42,1,-1,-1,-1
16,5,957.61,538.49,23.50,18.29,1,-1,-1,-1
16,7,1147.63,531.60,60.64,29.02,1,-1,-1,-1
16,8,1014.30,536.84,24.52,11.80,1,-1,-1,-1
16,14,1148.87,536.09,15.12,21.93,1,-1,-1,-1
17,1,779.98,507.61,148.93,114.84,1,-1,-1,-1
17,2,925.71,543.67,40.43,30.24,1,-1,-1,-1
17,3,249.31,1071.66,1490.99,111.87,1,-1,-1,-1
17,4,1242.31,533.90,41.08,27.22,1,-1,-1,-1
17,5,957.25,540.05,24.12,18.82,1,-1,-1,-1
17,7,1147.57,532.42,61.74,29.69,1,-1,-1,-1
17,8,1009.76,537.70,25.24,11.83,1,-1,-1,-1
17,14,1148.88,537.06,15.47,22.43,1,-1,-1,-1
18,1,778.98,505.94,150.94,116.67,1,-1,-1,-1
18,2,924.95,543.53,41.26,31.66,1,-1,-1,-1
18,3,228.23,1069.59,1527.16,114.28,1,-1,-1,-1
18,4,1242.62,534.01,41.20,27.23,1,-1,-1,-1
18,5,957.12,539.87,24.04,18.74,1,-1,-1,-1
18,7,1147.61,532.03,61.20,29.48,1,-1,-1,-1
18,8,1005.54,537.52,25.30,11.57,1,-1,-1,-1
18,14,1148.79,536.81,15.52,22.35,1,-1,-1,-1
18,18,1240.89,529.26,71.69,35.14,1,-1,-1,-1
19,1,777.67,505.90,151.26,117.28,1,-1,-1,-1
19,2,925.36,543.28,39.18,30.73,1,-1,-1,-1
19,3,195.39,1071.72,1505.00,111.96,1,-1,-1,-1
19,4,1242.13,534.05,41.48,27.40,1,-1,-1,-1
19,5,956.71,540.28,24.49,19.02,1,-1,-1,-1
19,7,1148.27,532.17,60.32,29.12,1,-1,-1,-1
19,8,999.84,536.23,29.53,13.23,1,-1,-1,-1
19,14,1149.05,536.94,15.45,22.14,1,-1,-1,-1
19,18,1241.46,528.15,74.65,36.58,1,-1,-1,-1
20,1,776.14,505.80,152.19,118.05,1,-1,-1,-1
20,2,924.74,542.75,38.93,31.23,1,-1,-1,-1
20,3,255.20,1075.95,1457.52,108.26,1,-1,-1,-1
20,4,1241.06,534.41,40.51,26.71,1,-1,-1,-1
20,5,956.36,540.16,24.75,19.13,1,-1,-1,-1
20,7,1148.23,531.99,61.49,29.78,1,-1,-1,-1
20,8,994.50,535.88,32.34,14.20,1,-1,-1,-1
20,14,1149.10,537.26,15.54,22.22,1,-1,-1,-1
20,18,1238.82,529.44,71.06,34.82,1,-1,-1,-1
21,1,776.10,505.33,152.51,118.43,1,-1,-1,-1
21,2,923.24,542.31,40.67,33.49,1,-1,-1,-1
21,3,236.07,1075.07,1480.71,110.27,1,-1,-1,-1
21,4,1240.60,534.30,40.89,26.98,1,-1,-1,-1
21,5,955.80,540.65,24.66,19.09,1,-1,-1,-1
21,7,1147.85,532.01,61.71,30.03,1,-1,-1,-1
21,8,991.69,535.73,32.97,13.99,1,-1,-1,-1
21,14,1148.97,537.26,15.75,22.50,1,-1,-1,-1
21,18,1238.41,529.23,72.11,35.23,1,-1,-1,-1
22,1,775.33,505.30,152.76,118.84,1,-1,-1,-1
22,2,922.61,542.60,40.70,34.26,1,-1,-1,-1
22,3,259.58,1078.26,1442.03,105.53,1,-1,-1,-1
22,4,1240.56,534.40,40.04,26.43,1,-1,-1,-1
22,5,956.27,541.16,22.71,17.51,1,-1,-1,-1
22,7,1147.75,531.73,61.79,30.26,1,-1,-1,-1
22,8,988.35,535.63,33.48,14.21,1,-1,-1,-1
22,14,1148.94,536.98,15.99,22.86,1,-1,-1,-1
22,18,1239.85,528.04,74.26,36.16,1,-1,-1,-1
23,1,773.54,504.44,154.70,120.78,1,-1,-1,-1
23,2,922.06,542.56,40.46,34.98,1,-1,-1,-1
23,3,262.32,1078.97,1425.21,103.31,1,-1,-1,-1
23,4,1238.62,534.63,39.92,26.40,1,-1,-1,-1
23,5,956.43,541.04,22.23,17.12,1,-1,-1,-1
23,7,1148.85,532.39,60.83,29.84,1,-1,-1,-1
23,8,981.76,535.95,36.45,15.35,1,-1,-1,-1
23,14,1149.19,537.68,15.63,22.38,1,-1,-1,-1
23,18,1239.00,527.95,74.76,36.27,1,-1,-1,-1
24,1,771.02,503.22,155.95,121.31,1,-1,-1,-1
24,2,922.16,543.12,39.86,35.38,1,-1,-1,-1
24,3,274.72,1080.35,1429.04,101.89,1,-1,-1,-1
24,4,1238.92,534.84,38.60,25.51,1,-1,-1,-1
24,5,955.03,540.31,22.81,17.47,1,-1,-1,-1
24,7,1149.04,532.91,60.41,29.68,1,-1,-1,-1
24,8,977.53,536.76,36.48,15.56,1,-1,-1,-1
24,14,1149.14,537.87,15.65,22.42,1,-1,-1,-1
24,18,1239.94,528.23,74.37,35.81,1,-1,-1,-1
25,1,769.72,505.03,155.98,121.06,1,-1,-1,-1
25,2,922.47,543.30,38.25,34.79,1,-1,-1,-1
25,3,251.36,1080.37,1461.52,103.78,1,-1,-1,-1
25,4,1240.00,534.60,39.68,26.13,1,-1,-1,-1
25,5,953.49,540.64,23.81,18.34,1,-1,-1,-1
25,7,1148.43,532.61,61.15,30.16,1,-1,-1,-1
25,8,973.29,537.67,36.75,16.04,1,-1,-1,-1
25,14,1148.92,537.85,15.78,22.59,1,-1,-1,-1
25,18,1239.38,527.81,76.55,36.70,1,-1,-1,-1
26,1,766.97,504.39,159.15,123.72,1,-1,-1,-1
26,2,921.42,543.47,37.42,34.79,1,-1,-1,-1
26,3,308.88,1087.88,1368.82,95.71,1,-1,-1,-1
26,4,1239.95,534.95,40.65,26.83,1,-1,-1,-1
26,5,950.65,541.05,25.83,20.22,1,-1,-1,-1
26,7,1148.85,532.58,61.11,30.21,1,-1,-1,-1
26,8,971.09,538.23,34.84,15.61,1,-1,-1,-1
26,14,1149.07,537.76,15.56,22.24,1,-1,-1,-1
26,18,1238.03,529.84,72.89,35.02,1,-1,-1,-1
27,1,763.84,504.57,159.72,124.37,1,-1,-1,-1
27,2,921.39,543.59,37.15,35.09,1,-1,-1,-1
27,3,310.56,1087.92,1368.85,94.61,1,-1,-1,-1
27,4,1240.13,535.53,40.19,26.77,1,-1,-1,-1
27,5,951.56,541.82,23.60,18.37,1,-1,-1,-1
27,7,1149.29,533.09,60.18,29.70,1,-1,-1,-1
27,8,966.25,539.89,35.13,16.29,1,-1,-1,-1
27,14,1149.01,537.84,15.41,21.91,1,-1,-1,-1
27,18,1239.98,530.89,71.43,34.29,1,-1,-1,-1
28,1,759.32,504.02,161.94,125.87,1,-1,-1,-1
28,2,920.00,543.82,36.72,35.43,1,-1,-1,-1
28,3,280.83,1086.99,1416.52,97.77,1,-1,-1,-1
28,4,1240.54,536.25,39.50,26.46,1,-1,-1,-1
28,5,951.63,542.72,24.86,19.05,1,-1,-1,-1
28,7,1149.69,535.02,58.08,28.52,1,-1,-1,-1
28,8,962.43,540.18,35.74,16.58,1,-1,-1,-1
28,14,1148.16,538.62,16.14,22.86,1,-1,-1,-1
28,18,1240.28,531.50,72.50,34.82,1,-1,-1,-1
29,1,757.05,505.89,160.38,125.23,1,-1,-1,-1
29,2,919.96,544.60,33.99,33.19,1,-1,-1,-1
29,3,275.03,1087.33,1426.86,97.06,1,-1,-1,-1
29,4,1239.99,536.46,40.39,27.01,1,-1,-1,-1
29,5,950.57,542.58,25.33,19.10,1,-1,-1,-1
29,7,1149.47,535.24,58.08,28.45,1,-1,-1,-1
29,14,1147.74,538.78,16.62,23.49,1,-1,-1,-1
29,18,1239.25,531.80,73.47,35.28,1,-1,-1,-1
29,22,906.30,544.65,20.64,47.34,1,-1,-1,-1
30,1,750.76,507.12,161.55,126.26,1,-1,-1,-1
30,2,920.20,544.81,32.00,31.82,1,-1,-1,-1
30,3,303.84,1092.70,1383.54,93.23,1,-1,-1,-1
30,4,1241.23,536.46,39.56,26.38,1,-1,-1,-1
30,5,949.14,542.13,26.17,19.23,1,-1,-1,-1
30,7,1149.96,535.34,57.42,28.03,1,-1,-1,-1
30,14,1147.97,538.74,16.45,23.18,1,-1,-1,-1
30,18,1241.10,530.69,75.87,36.45,1,-1,-1,-1
30,22,905.42,545.39,21.42,49.00,1,-1,-1,-1
30,23,1184.75,536.68,22.32,22.03,1,-1,-1,-1
31,1,745.92,506.51,167.08,130.70,1,-1,-1,-1
31,2,920.88,544.80,31.63,32.08,1,-1,-1,-1
31,3,294.76,1091.43,1363.44,90.95,1,-1,-1,-1
31,4,1240.85,536.15,40.41,26.95,1,-1,-1,-1
31,5,947.88,542.17,26.65,19.13,1,-1,-1,-1
31,7,1150.15,534.98,57.77,28.16,1,-1,-1,-1
31,14,1148.35,538.33,16.28,22.91,1,-1,-1,-1
31,18,1240.34,531.00,75.42,36.18,1,-1,-1,-1
31,22,904.04,545.25,22.13,50.41,1,-1,-1,-1
31,23,1184.65,536.98,22.23,21.93,1,-1,-1,-1
31,24,999.23,535.27,17.97,11.24,1,-1,-1,-1
32,1,741.38,503.97,172.69,135.26,1,-1,-1,-1
32,2,920.33,544.64,31.90,32.89,1,-1,-1,-1
32,3,267.68,1087.81,1427.92,94.18,1,-1,-1,-1
32,4,1240.67,535.66,41.00,27.31,1,-1,-1,-1
32,5,946.46,542.07,28.14,20.11,1,-1,-1,-1
32,7,1150.09,534.31,58.27,28.35,1,-1,-1,-1
32,14,1148.82,538.10,15.77,22.03,1,-1,-1,-1
32,18,1241.23,529.11,78.01,37.47,1,-1,-1,-1
32,22,902.72,544.73,22.37,50.69,1,-1,-1,-1
32,24,1000.11,534.71,18.05,11.26,1,-1,-1,-1
33,1,736.88,504.66,171.53,134.96,1,-1,-1,-1
33,2,920.53,544.18,31.41,33.05,1,-1,-1,-1
33,3,234.41,1084.81,1488.80,97.46,1,-1,-1,-1
33,4,1238.85,535.32,41.27,27.78,1,-1,-1,-1
33,5,945.09,541.81,28.92,20.70,1,-1,-1,-1
33,7,1150.45,535.08,56.81,27.39,1,-1,-1,-1
33,14,1148.98,538.03,15.48,21.45,1,-1,-1,-1
33,18,1241.86,528.58,78.95,37.70,1,-1,-1,-1
33,22,900.70,543.95,23.30,52.21,1,-1,-1,-1
33,23,1185.26,534.22,22.49,22.22,1,-1,-1,-1
33,24,998.86,533.78,19.25,11.97,1,-1,-1,-1
34,1,730.89,503.13,176.53,139.05,1,-1,-1,-1
34,2,921.49,544.78,29.31,31.32,1,-1,-1,-1
34,3,239.68,1084.11,1550.71,101.27,1,-1,-1,-1
34,4,1238.64,535.39,41.42,27.88,1,-1,-1,-1
34,5,942.61,541.50,29.59,21.26,1,-1,-1,-1
34,7,1148.98,533.01,60.35,29.20,1,-1,-1,-1
34,14,1148.88,537.59,15.70,21.59,1,-1,-1,-1
34,18,1239.95,527.04,83.46,40.02,1,-1,-1,-1
34,22,898.13,542.03,24.56,54.46,1,-1,-1,-1
34,23,1184.22,532.32,25.47,25.33,1,-1,-1,-1
34,24,999.49,532.99,19.45,12.05,1,-1,-1,-1
35,1,725.19,502.75,175.61,138.47,1,-1,-1,-1
35,2,918.87,543.83,29.98,32.75,1,-1,-1,-1
35,3,234.03,1083.91,1536.42,99.67,1,-1,-1,-1
35,5,940.02,541.30,30.83,22.00,1,-1,-1,-1
35,7,1147.75,532.10,62.60,30.42,1,-1,-1,-1
35,14,1148.64,537.43,16.26,22.25,1,-1,-1,-1
35,18,1237.64,526.94,84.83,40.42,1,-1,-1,-1
35,22,897.46,542.00,24.35,52.79,1,-1,-1,-1
35,23,1184.06,531.62,26.06,25.92,1,-1,-1,-1
35,24,999.75,532.67,19.69,12.19,1,-1,-1,-1
36,1,717.90,501.31,180.78,142.51,1,-1,-1,-1
36,2,916.83,543.93,29.80,33.06,1,-1,-1,-1
36,3,239.15,1085.48,1499.27,96.59,1,-1,-1,-1
36,4,1236.06,534.35,43.56,29.43,1,-1,-1,-1
36,5,938.24,541.29,30.80,21.74,1,-1,-1,-1
36,7,1147.42,531.66,63.54,30.95,1,-1,-1,-1
36,14,1148.20,537.07,16.72,22.73,1,-1,-1,-1
36,18,1237.95,527.69,82.86,39.22,1,-1,-1,-1
36,22,896.01,541.83,25.08,52.71,1,-1,-1,-1
36,23,1184.00,531.72,26.57,26.66,1,-1,-1,-1
36,27,988.85,533.00,38.31,14.36,1,-1,-1,-1
37,1,711.82,500.24,183.76,143.69,1,-1,-1,-1
37,2,913.73,543.59,31.10,35.00,1,-1,-1,-1
37,3,238.11,1085.42,1503.14,96.23,1,-1,-1,-1
37,4,1235.64,534.31,43.90,29.66,1,-1,-1,-1
37,5,936.06,541.38,31.21,21.65,1,-1,-1,-1
37,7,1148.05,532.58,61.91,30.08,1,-1,-1,-1
37,14,1148.13,537.58,16.41,22.08,1,-1,-1,-1
37,18,1239.26,527.84,83.34,39.59,1,-1,-1,-1
37,22,893.86,542.18,25.70,52.76,1,-1,-1,-1
37,23,1184.38,532.26,25.68,25.99,1,-1,-1,-1
37,27,994.21,533.05,33.35,12.71,1,-1,-1,-1
38,1,701.34,500.20,190.08,148.90,1,-1,-1,-1
38,2,913.60,544.28,30.02,33.93,1,-1,-1,-1
38,3,251.93,1087.07,1458.62,92.78,1,-1,-1,-1
38,4,1239.38,534.80,42.94,28.94,1,-1,-1,-1
38,5,933.87,541.72,32.23,21.86,1,-1,-1,-1
38,7,1148.21,532.95,61.05,29.62,1,-1,-1,-1
38,14,1148.01,537.83,16.49,21.97,1,-1,-1,-1
38,18,1239.93,529.42,80.01,37.96,1,-1,-1,-1
38,22,892.07,542.78,26.46,52.80,1,-1,-1,-1
38,23,1184.29,532.63,25.16,25.78,1,-1,-1,-1
38,27,994.82,533.35,31.82,12.39,1,-1,-1,-1
39,1,689.42,496.06,200.14,157.13,1,-1,-1,-1
39,2,916.65,543.42,30.16,34.34,1,-1,-1,-1
39,3,255.72,1087.38,1477.21,93.46,1,-1,-1,-1
39,4,1239.35,534.81,43.15,29.08,1,-1,-1,-1
39,5,931.35,541.29,32.91,22.10,1,-1,-1,-1
39,7,1147.23,532.01,62.76,30.52,1,-1,-1,-1
39,14,1147.48,537.04,17.28,22.92,1,-1,-1,-1
39,18,1238.40,528.90,79.52,37.59,1,-1,-1,-1
39,22,888.98,542.63,27.49,53.19,1,-1,-1,-1
39,23,1184.17,532.26,25.53,26.16,1,-1,-1,-1
39,27,996.88,532.32,30.44,12.09,1,-1,-1,-1
40,1,681.83,494.93,202.97,159.47,1,-1,-1,-1
40,2,913.25,542.46,30.25,34.73,1,-1,-1,-1
40,3,234.08,1085.37,1524.09,96.33,1,-1,-1,-1
40,5,932.45,540.25,31.68,21.22,1,-1,-1,-1
40,7,1147.91,531.86,61.29,29.67,1,-1,-1,-1
40,14,1147.82,536.45,16.87,22.22,1,-1,-1,-1
40,18,1235.38,530.93,69.89,33.56,1,-1,-1,-1
40,22,886.86,541.63,29.41,55.16,1,-1,-1,-1
40,27,997.87,531.42,29.62,12.04,1,-1,-1,-1
41,1,674.37,493.05,206.76,162.55,1,-1,-1,-1
41,2,913.09,541.78,29.33,33.93,1,-1,-1,-1
41,3,261.38,1087.14,1498.69,94.36,1,-1,-1,-1
41,4,1240.17,531.22,48.44,31.91,1,-1,-1,-1
41,5,931.72,539.38,30.57,20.82,1,-1,-1,-1
41,7,1148.14,531.15,59.95,28.90,1,-1,-1,-1
41,14,1148.02,535.41,16.93,22.24,1,-1,-1,-1
41,18,1234.92,531.13,69.04,33.16,1,-1,-1,-1
41,22,884.21,540.36,31.38,57.17,1,-1,-1,-1
41,27,998.76,529.41,31.45,13.09,1,-1,-1,-1
42,1,666.72,493.01,209.53,164.25,1,-1,-1,-1
42,2,910.40,541.05,30.18,34.99,1,-1,-1,-1
42,3,247.46,1091.11,1474.06,92.53,1,-1,-1,-1
42,4,1239.55,530.57,50.21,32.36,1,-1,-1,-1
42,5,931.29,538.22,31.63,21.39,1,-1,-1,-1
42,7,1147.97,530.81,60.36,29.01,1,-1,-1,-1
42,14,1147.93,534.76,17.39,22.78,1,-1,-1,-1
42,22,881.41,539.72,33.32,58.03,1,-1,-1,-1
42,27,999.53,528.52,30.43,12.87,1,-1,-1,-1
43,1,655.57,490.92,217.42,170.27,1,-1,-1,-1
43,2,908.47,540.18,29.71,34.43,1,-1,-1,-1
43,3,259.73,1093.25,1469.08,92.39,1,-1,-1,-1
43,4,1239.79,530.27,50.93,32.41,1,-1,-1,-1
43,5,930.24,537.77,32.03,21.69,1,-1,-1,-1
43,7,1146.73,530.19,61.18,29.46,1,-1,-1,-1
43,14,1147.57,534.23,17.72,23.25,1,-1,-1,-1
43,22,876.54,539.85,34.56,57.89,1,-1,-1,-1
43,27,1000.34,528.30,27.49,11.87,1,-1,-1,-1
44,1,644.73,487.59,226.65,177.49,1,-1,-1,-1
44,2,907.31,538.60,30.19,34.75,1,-1,-1,-1
44,3,269.80,1095.13,1451.94,90.98,1,-1,-1,-1
44,4,1237.69,529.50,50.48,32.72,1,-1,-1,-1
44,5,929.47,536.60,32.56,22.08,1,-1,-1,-1
44,7,1146.96,528.68,62.92,30.36,1,-1,-1,-1
44,14,1147.37,533.61,17.74,23.33,1,-1,-1,-1
44,22,873.28,537.08,37.81,61.52,1,-1,-1,-1
44,27,1002.38,527.95,27.55,12.20,1,-1,-1,-1
45,1,628.91,483.77,237.12,185.12,1,-1,-1,-1
45,2,904.57,537.86,32.01,36.99,1,-1,-1,-1
45,3,228.15,1086.89,1550.87,97.50,1,-1,-1,-1
45,4,1237.17,529.02,49.34,32.53,1,-1,-1,-1
45,5,927.78,535.52,34.15,23.23,1,-1,-1,-1
45,7,1146.68,527.64,66.01,31.81,1,-1,-1,-1
45,14,1147.28,533.07,18.02,23.69,1,-1,-1,-1
45,18,1239.03,524.77,77.75,37.50,1,-1,-1,-1
45,22,868.15,535.98,39.71,62.84,1,-1,-1,-1
45,27,1004.79,526.79,27.54,12.60,1,-1,-1,-1
46,1,614.74,480.20,246.08,191.44,1,-1,-1,-1
46,2,901.87,537.05,33.38,38.41,1,-1,-1,-1
46,3,236.90,1087.93,1488.69,93.33,1,-1,-1,-1
46,4,1239.61,528.48,49.34,32.37,1,-1,-1,-1
46,5,926.89,534.95,34.23,23.26,1,-1,-1,-1
46,7,1147.06,527.09,63.82,30.62,1,-1,-1,-1
46,14,1147.04,531.67,17.99,23.51,1,-1,-1,-1
46,18,1239.15,524.25,78.16,37.70,1,-1,-1,-1
46,22,865.52,534.87,41.23,63.37,1,-1,-1,-1
46,27,1004.71,524.97,27.74,13.16,1,-1,-1,-1
47,1,595.47,474.58,258.82,201.94,1,-1,-1,-1
47,2,902.74,536.95,32.02,36.79,1,-1,-1,-1
47,3,226.76,1086.23,1523.22,95.59,1,-1,-1,-1
47,4,1238.21,527.95,47.03,31.27,1,-1,-1,-1
47,5,926.54,533.37,34.90,23.85,1,-1,-1,-1
47,7,1145.70,525.83,65.31,31.37,1,-1,-1,-1
47,14,1146.96,531.21,18.06,23.60,1,-1,-1,-1
47,18,1238.97,524.46,74.84,36.32,1,-1,-1,-1
47,22,860.85,532.84,43.75,65.33,1,-1,-1,-1
47,27,1005.99,524.09,26.74,13.26,1,-1,-1,-1
48,1,578.91,468.86,268.30,208.84,1,-1,-1,-1
48,2,901.79,536.04,32.36,36.80,1,-1,-1,-1
48,3,184.48,1083.59,1606.90,101.74,1,-1,-1,-1
48,4,1237.81,527.50,46.13,30.87,1,-1,-1,-1
48,5,925.46,532.06,35.86,24.64,1,-1,-1,-1
48,7,1145.43,525.41,66.00,31.68,1,-1,-1,-1
48,18,1240.95,524.12,75.84,36.33,1,-1,-1,-1
48,22,856.53,531.76,46.02,66.69,1,-1,-1,-1
48,27,1007.73,523.36,23.95,12.25,1,-1,-1,-1
49,1,559.64,466.20,282.75,219.30,1,-1,-1,-1
49,2,899.16,536.29,33.04,36.93,1,-1,-1,-1
49,3,188.85,1082.21,1593.87,101.58,1,-1,-1,-1
49,4,1237.64,527.33,46.03,31.03,1,-1,-1,-1
49,5,925.03,532.16,35.50,24.32,1,-1,-1,-1
49,7,1145.52,525.38,65.33,31.28,1,-1,-1,-1
49,18,1241.60,522.50,79.25,37.85,1,-1,-1,-1
49,22,851.95,533.11,47.24,65.69,1,-1,-1,-1
49,27,1007.55,523.35,23.99,12.81,1,-1,-1,-1
50,1,542.68,468.98,292.04,225.21,1,-1,-1,-1
50,2,897.96,538.02,33.90,37.25,1,-1,-1,-1
50,3,200.07,1082.56,1566.79,100.09,1,-1,-1,-1
50,4,1239.08,528.01,46.17,31.39,1,-1,-1,-1
50,5,923.83,533.69,35.80,24.77,1,-1,-1,-1
50,7,1145.03,526.65,64.86,31.09,1,-1,-1,-1
50,18,1241.36,522.39,80.46,38.51,1,-1,-1,-1
50,22,847.44,534.48,50.01,66.95,1,-1,-1,-1
50,27,1008.27,522.64,23.96,12.80,1,-1,-1,-1
51,1,517.83,467.44,311.95,239.65,1,-1,-1,-1
51,2,897.35,539.32,34.86,37.63,1,-1,-1,-1
51,3,161.95,1079.53,1637.93,105.81,1,-1,-1,-1
51,4,1240.20,529.06,46.18,31.36,1,-1,-1,-1
51,5,924.09,535.27,34.51,23.79,1,-1,-1,-1
51,7,1145.24,527.59,64.18,30.85,1,-1,-1,-1
51,14,1146.89,533.18,18.29,23.84,1,-1,-1,-1
51,18,1241.65,521.88,80.98,38.76,1,-1,-1,-1
51,22,841.28,535.13,54.40,70.53,1,-1,-1,-1
52,1,495.51,466.93,322.58,245.50,1,-1,-1,-1
52,2,893.99,540.47,36.20,38.29,1,-1,-1,-1
52,3,201.04,1081.55,1568.11,101.48,1,-1,-1,-1
52,4,1242.69,529.08,50.04,32.99,1,-1,-1,-1
52,5,923.03,536.23,34.10,23.58,1,-1,-1,-1
52,7,1145.27,528.66,63.43,30.57,1,-1,-1,-1
52,14,1146.92,533.65,18.34,23.95,1,-1,-1,-1
52,22,833.65,536.83,58.15,73.17,1,-1,-1,-1
53,1,465.41,464.28,341.87,259.07,1,-1,-1,-1
53,2,890.09,541.29,38.27,39.72,1,-1,-1,-1
53,3,187.35,1079.69,1592.22,103.70,1,-1,-1,-1
53,4,1241.06,531.01,46.98,30.78,1,-1,-1,-1
53,5,921.72,537.20,34.21,23.67,1,-1,-1,-1
53,7,1147.14,529.83,60.06,28.81,1,-1,-1,-1
53,14,1147.45,534.20,17.63,22.91,1,-1,-1,-1
53,18,1240.09,526.24,77.72,36.89,1,-1,-1,-1
53,22,827.22,538.60,61.87,74.90,1,-1,-1,-1
54,1,434.18,458.37,368.41,277.43,1,-1,-1,-1
54,2,887.98,541.85,40.06,40.86,1,-1,-1,-1
54,3,179.14,1081.53,1594.21,104.60,1,-1,-1,-1
54,4,1241.31,531.11,46.98,30.78,1,-1,-1,-1
54,5,921.23,538.14,34.06,23.63,1,-1,-1,-1
54,7,1148.10,530.64,58.34,27.75,1,-1,-1,-1
54,14,1147.73,534.75,16.87,21.63,1,-1,-1,-1
54,18,1239.03,527.31,77.68,36.62,1,-1,-1,-1
54,22,819.06,538.86,65.32,76.15,1,-1,-1,-1
55,1,399.90,455.43,391.89,293.06,1,-1,-1,-1
55,2,883.75,541.96,41.06,41.41,1,-1,-1,-1
55,3,213.31,1082.53,1549.74,101.74,1,-1,-1,-1
55,4,1240.46,532.16,45.96,30.07,1,-1,-1,-1
55,5,919.40,538.55,35.34,24.46,1,-1,-1,-1
55,7,1147.79,530.43,58.62,27.76,1,-1,-1,-1
55,14,1147.60,534.84,16.65,21.00,1,-1,-1,-1
55,18,1239.21,527.96,76.95,36.09,1,-1,-1,-1
55,22,811.15,539.64,69.09,77.20,1,-1,-1,-1
56,1,360.71,451.29,421.82,313.11,1,-1,-1,-1
56,2,880.72,542.46,42.38,42.19,1,-1,-1,-1
56,3,188.68,1077.91,1596.40,105.98,1,-1,-1,-1
56,4,1241.33,532.24,48.26,31.33,1,-1,-1,-1
56,5,918.86,539.28,36.37,25.14,1,-1,-1,-1
56,7,1147.11,531.12,60.81,28.74,1,-1,-1,-1
56,14,1146.60,535.41,18.34,23.17,1,-1,-1,-1
56,18,1239.27,528.12,76.82,36.03,1,-1,-1,-1
56,22,803.17,539.35,74.46,80.10,1,-1,-1,-1
57,1,320.32,449.54,450.57,331.74,1,-1,-1,-1
57,2,878.49,543.63,44.08,43.19,1,-1,-1,-1
57,3,201.54,1079.14,1571.41,104.64,1,-1,-1,-1
57,4,1241.57,532.42,48.37,31.41,1,-1,-1,-1
57,5,917.99,540.08,36.13,24.79,1,-1,-1,-1
57,7,1147.87,532.41,58.96,27.63,1,-1,-1,-1
57,14,1146.33,536.08,18.47,23.24,1,-1,-1,-1
57,18,1238.46,527.86,83.69,39.09,1,-1,-1,-1
57,22,794.86,539.76,80.68,83.55,1,-1,-1,-1
58,1,275.50,443.53,482.13,351.93,1,-1,-1,-1
58,2,877.16,543.89,44.61,43.00,1,-1,-1,-1
58,3,209.65,1079.47,1547.62,102.96,1,-1,-1,-1
58,5,917.39,540.55,36.14,24.58,1,-1,-1,-1
58,7,1148.17,532.80,58.36,27.18,1,-1,-1,-1
58,14,1146.39,536.51,18.28,22.90,1,-1,-1,-1
58,18,1237.33,527.30,87.22,40.61,1,-1,-1,-1
58,22,785.38,539.71,85.64,85.94,1,-1,-1,-1
59,1,207.50,437.26,534.32,386.21,1,-1,-1,-1
59,2,873.06,544.41,46.45,43.88,1,-1,-1,-1
59,3,189.55,1077.10,1574.48,105.40,1,-1,-1,-1
59,5,916.75,541.04,35.96,24.04,1,-1,-1,-1
59,7,1147.37,533.54,58.18,27.04,1,-1,-1,-1
59,14,1146.48,536.75,18.25,22.78,1,-1,-1,-1
59,18,1237.44,526.30,88.63,41.56,1,-1,-1,-1
59,22,778.09,541.16,91.84,89.04,1,-1,-1,-1
60,1,150.91,435.13,570.64,407.66,1,-1,-1,-1
60,2,871.16,544.85,48.33,44.93,1,-1,-1,-1
60,3,181.92,1074.94,1598.40,107.75,1,-1,-1,-1
60,5,915.35,540.67,36.56,24.31,1,-1,-1,-1
60,7,1147.46,533.25,58.64,27.17,1,-1,-1,-1
60,14,1146.44,536.80,18.27,22.70,1,-1,-1,-1
60,18,1238.02,526.45,88.72,41.39,1,-1,-1,-1
60,22,770.43,541.07,99.19,94.36,1,-1,-1,-1
60,33,1061.52,544.14,16.02,14.71,1,-1,-1,-1
61,1,68.80,425.78,638.24,451.10,1,-1,-1,-1
61,2,869.18,544.88,49.96,45.83,1,-1,-1,-1
61,3,184.53,1075.02,1613.27,109.47,1,-1,-1,-1
61,5,914.26,541.00,35.59,23.25,1,-1,-1,-1
61,7,1147.36,532.93,58.90,27.20,1,-1,-1,-1
61,14,1146.23,536.65,18.40,22.78,1,-1,-1,-1
61,18,1237.49,527.87,85.84,39.87,1,-1,-1,-1
61,22,763.70,541.48,104.76,97.77,1,-1,-1,-1
61,33,1061.48,544.18,15.87,14.57,1,-1,-1,-1
62,1,11.85,409.88,699.25,495.94,1,-1,-1,-1
62,2,865.75,544.96,51.21,46.33,1,-1,-1,-1
62,3,162.06,1076.99,1571.99,107.95,1,-1,-1,-1
62,5,913.33,540.99,37.81,24.54,1,-1,-1,-1
62,7,1147.65,533.26,58.57,26.90,1,-1,-1,-1
62,14,1146.14,536.63,18.58,22.90,1,-1,-1,-1
62,18,1237.02,526.62,89.10,41.40,1,-1,-1,-1
62,22,756.73,541.52,109.93,100.41,1,-1,-1,-1
63,1,-44.00,393.64,766.63,553.10,1,-1,-1,-1
63,2,862.97,545.96,52.40,46.60,1,-1,-1,-1
63,3,179.62,1073.88,1611.45,110.65,1,-1,-1,-1
63,5,911.06,541.48,39.66,25.80,1,-1,-1,-1
63,7,1147.17,532.94,58.87,26.96,1,-1,-1,-1
63,14,1146.12,536.57,18.59,22.80,1,-1,-1,-1
63,18,1236.21,529.08,81.38,38.07,1,-1,-1,-1
63,22,749.98,543.10,111.04,98.86,1,-1,-1,-1
64,1,-99.89,376.48,859.59,638.77,1,-1,-1,-1
64,2,858.71,545.63,55.18,48.18,1,-1,-1,-1
64,3,232.26,1082.45,1493.57,101.93,1,-1,-1,-1
64,5,909.58,541.15,41.57,26.92,1,-1,-1,-1
64,7,1147.95,533.07,58.31,26.48,1,-1,-1,-1
64,14,1146.15,536.42,18.53,22.58,1,-1,-1,-1
64,18,1235.02,530.57,75.93,35.87,1,-1,-1,-1
64,22,740.53,543.79,115.94,100.95,1,-1,-1,-1
64,39,663.43,552.37,39.15,83.33,1,-1,-1,-1
65,1,-164.57,367.24,951.32,735.59,1,-1,-1,-1
65,2,855.94,546.13,55.85,47.74,1,-1,-1,-1
65,3,191.41,1082.15,1526.34,105.25,1,-1,-1,-1
65,4,1240.68,533.67,44.60,28.85,1,-1,-1,-1
65,5,909.51,541.39,41.83,26.80,1,-1,-1,-1
65,7,1147.43,532.99,59.14,26.79,1,-1,-1,-1
65,14,1146.22,536.49,18.66,22.63,1,-1,-1,-1
65,18,1237.74,530.01,76.86,36.29,1,-1,-1,-1
65,22,730.41,543.71,123.05,104.75,1,-1,-1,-1
65,39,640.16,554.19,42.67,85.41,1,-1,-1,-1
66,1,-127.12,350.51,839.05,663.97,1,-1,-1,-1
66,2,852.37,545.73,58.69,49.13,1,-1,-1,-1
66,3,174.26,1077.55,1591.48,109.44,1,-1,-1,-1
66,4,1240.72,533.84,44.35,28.69,1,-1,-1,-1
66,5,908.95,541.18,41.57,26.32,1,-1,-1,-1
66,7,1147.22,532.93,59.12,26.71,1,-1,-1,-1
66,14,1146.23,536.42,18.49,22.29,1,-1,-1,-1
66,18,1239.32,528.79,80.94,38.01,1,-1,-1,-1
66,22,722.08,543.88,132.12,110.76,1,-1,-1,-1
66,39,615.82,553.83,48.78,89.55,1,-1,-1,-1
67,1,-109.74,336.75,768.61,626.99,1,-1,-1,-1
67,2,848.62,545.75,60.35,49.63,1,-1,-1,-1
67,3,176.11,1071.87,1640.95,114.21,1,-1,-1,-1
67,5,907.42,541.06,43.73,27.39,1,-1,-1,-1
67,7,1147.22,532.74,58.99,26.56,1,-1,-1,-1
67,14,1146.22,536.41,18.74,22.54,1,-1,-1,-1
67,18,1238.42,530.33,75.85,35.73,1,-1,-1,-1
67,22,708.40,542.36,141.64,117.28,1,-1,-1,-1
67,39,589.35,553.45,57.23,96.11,1,-1,-1,-1
68,1,-139.14,328.27,782.95,663.80,1,-1,-1,-1
68,2,844.38,545.51,63.49,51.56,1,-1,-1,-1
68,3,177.33,1072.31,1607.32,112.46,1,-1,-1,-1
68,5,904.70,541.67,45.04,28.26,1,-1,-1,-1
68,7,1147.17,532.63,59.44,26.66,1,-1,-1,-1
68,14,1146.12,536.36,18.92,22.71,1,-1,-1,-1
68,18,1237.56,530.34,75.90,35.89,1,-1,-1,-1
68,22,697.23,543.64,147.75,120.98,1,-1,-1,-1
68,39,571.86,554.55,65.40,100.38,1,-1,-1,-1
69,1,-177.20,339.21,803.32,714.54,1,-1,-1,-1
69,2,839.00,545.16,67.67,54.17,1,-1,-1,-1
69,3,222.58,1076.38,1546.59,107.60,1,-1,-1,-1
69,5,902.36,541.60,47.21,29.81,1,-1,-1,-1
69,7,1146.07,532.65,59.76,26.80,1,-1,-1,-1
69,14,1145.93,536.15,18.99,22.73,1,-1,-1,-1
69,18,1238.06,531.47,71.50,33.97,1,-1,-1,-1
69,22,682.39,542.73,158.40,128.62,1,-1,-1,-1
69,39,556.29,554.67,74.96,105.78,1,-1,-1,-1
70,1,-246.58,307.36,862.54,817.33,1,-1,-1,-1
70,2,834.39,545.75,70.18,55.19,1,-1,-1,-1
70,3,293.70,1085.41,1395.52,94.99,1,-1,-1,-1
70,5,900.37,541.58,47.35,30.03,1,-1,-1,-1
70,7,1145.65,532.34,60.07,26.95,1,-1,-1,-1
70,14,1145.99,536.01,18.95,22.60,1,-1,-1,-1
70,18,1239.57,530.76,74.08,35.02,1,-1,-1,-1
70,22,667.52,542.69,166.69,134.41,1,-1,-1,-1
70,39,540.04,554.82,83.41,108.68,1,-1,-1,-1
70,43,925.05,541.44,28.96,24.27,1,-1,-1,-1
71,1,-284.00,299.79,893.14,846.34,1,-1,-1,-1
71,2,830.84,545.36,72.70,56.38,1,-1,-1,-1
71,3,326.71,1090.65,1333.25,89.51,1,-1,-1,-1
71,5,899.32,541.34,49.00,31.19,1,-1,-1,-1
71,7,1145.32,531.91,62.14,27.87,1,-1,-1,-1
71,14,1145.82,535.99,19.21,22.83,1,-1,-1,-1
71,18,1239.81,531.09,71.32,33.76,1,-1,-1,-1
71,22,654.37,542.63,174.48,139.60,1,-1,-1,-1
71,39,525.25,554.86,91.86,111.03,1,-1,-1,-1
71,43,925.54,541.43,28.73,24.08,1,-1,-1,-1
72,2,824.52,543.74,78.52,60.35,1,-1,-1,-1
72,3,219.27,1085.33,1470.84,99.82,1,-1,-1,-1
72,4,1240.27,533.13,42.54,27.53,1,-1,-1,-1
72,5,898.48,540.87,49.10,31.28,1,-1,-1,-1
72,7,1145.44,531.18,62.95,28.21,1,-1,-1,-1
72,14,1146.08,535.75,18.87,22.29,1,-1,-1,-1
72,18,1241.07,530.62,70.43,33.20,1,-1,-1,-1
72,22,634.68,544.06,181.20,143.00,1,-1,-1,-1
72,39,503.97,553.26,102.75,116.48,1,-1,-1,-1
73,2,821.70,544.18,80.85,61.55,1,-1,-1,-1
73,3,202.74,1081.53,1532.89,104.02,1,-1,-1,-1
73,4,1240.41,532.84,44.92,28.84,1,-1,-1,-1
73,5,897.77,540.56,48.85,31.01,1,-1,-1,-1
73,7,1144.52,530.63,63.67,28.68,1,-1,-1,-1
73,14,1146.14,535.56,18.64,21.86,1,-1,-1,-1
73,18,1241.67,529.20,76.05,35.60,1,-1,-1,-1
73,22,615.24,543.65,192.55,149.88,1,-1,-1,-1
73,39,481.53,553.62,111.25,118.93,1,-1,-1,-1
74,2,818.17,544.04,83.95,63.45,1,-1,-1,-1
74,3,206.94,1081.85,1529.59,103.07,1,-1,-1,-1
74,4,1242.14,532.21,48.41,30.00,1,-1,-1,-1
74,5,896.58,540.42,49.38,31.27,1,-1,-1,-1
74,7,1144.22,530.40,63.73,28.84,1,-1,-1,-1
74,14,1146.20,535.43,18.75,21.86,1,-1,-1,-1
74,18,1242.09,529.14,76.01,35.58,1,-1,-1,-1
74,22,588.13,541.12,211.97,164.07,1,-1,-1,-1
74,39,458.27,553.03,121.64,123.33,1,-1,-1,-1
75,2,814.78,543.87,86.12,64.80,1,-1,-1,-1
75,3,196.69,1079.87,1575.55,106.78,1,-1,-1,-1
75,4,1242.44,532.13,48.59,30.12,1,-1,-1,-1
75,5,893.28,540.67,50.75,32.23,1,-1,-1,-1
75,7,1144.07,529.81,63.89,29.04,1,-1,-1,-1
75,14,1146.05,535.16,18.78,21.79,1,-1,-1,-1
75,18,1240.36,528.83,74.65,34.92,1,-1,-1,-1
75,22,564.79,541.09,224.74,172.56,1,-1,-1,-1
75,39,434.22,553.04,129.90,124.81,1,-1,-1,-1
76,2,809.07,544.30,89.26,66.77,1,-1,-1,-1
76,3,213.43,1080.23,1566.49,106.34,1,-1,-1,-1
76,5,891.61,540.70,51.38,32.57,1,-1,-1,-1
76,7,1144.87,530.33,63.38,28.83,1,-1,-1,-1
76,14,1146.02,535.23,19.08,22.07,1,-1,-1,-1
76,18,1240.48,529.50,74.49,34.70,1,-1,-1,-1
76,22,535.26,540.69,242.33,184.59,1,-1,-1,-1
76,39,409.13,553.32,137.80,125.91,1,-1,-1,-1
77,2,804.13,544.99,91.43,67.80,1,-1,-1,-1
77,3,233.02,1081.80,1533.82,103.64,1,-1,-1,-1
77,4,1241.03,531.77,49.57,30.29,1,-1,-1,-1
77,5,889.88,540.22,51.42,32.41,1,-1,-1,-1
77,7,1144.74,530.11,63.22,28.82,1,-1,-1,-1
77,14,1146.05,534.81,19.26,22.28,1,-1,-1,-1
77,18,1240.68,529.50,74.26,34.60,1,-1,-1,-1
77,22,502.62,539.20,261.95,197.12,1,-1,-1,-1
77,39,378.09,553.87,147.21,128.50,1,-1,-1,-1
77,45,926.60,541.68,21.80,21.50,1,-1,-1,-1
78,2,801.20,545.45,92.82,68.12,1,-1,-1,-1
78,3,244.40,1082.96,1509.93,101.32,1,-1,-1,-1
78,4,1239.96,532.56,45.55,28.23,1,-1,-1,-1
78,5,886.34,541.05,51.12,32.35,1,-1,-1,-1
78,7,1144.86,530.10,62.81,28.70,1,-1,-1,-1
78,14,1146.03,534.80,19.53,22.59,1,-1,-1,-1
78,18,1242.74,527.59,76.54,35.70,1,-1,-1,-1
78,22,474.84,541.03,274.95,204.72,1,-1,-1,-1
78,39,351.26,553.87,157.61,131.86,1,-1,-1,-1
78,45,925.92,541.04,22.02,21.72,1,-1,-1,-1
79,2,796.44,545.53,95.77,69.21,1,-1,-1,-1
79,3,240.81,1079.07,1563.33,105.18,1,-1,-1,-1
79,4,1238.29,532.76,44.84,28.00,1,-1,-1,-1
79,5,883.25,541.21,49.69,31.53,1,-1,-1,-1
79,7,1144.70,530.12,63.10,28.92,1,-1,-1,-1
79,14,1145.71,534.71,20.23,23.48,1,-1,-1,-1
79,18,1240.48,528.76,73.84,34.48,1,-1,-1,-1
79,22,428.50,542.14,299.52,219.82,1,-1,-1,-1
79,39,306.73,555.38,168.64,135.95,1,-1,-1,-1
79,43,907.49,539.42,33.29,27.40,1,-1,-1,-1
79,45,924.04,540.66,22.42,22.01,1,-1,-1,-1
80,2,791.17,545.40,96.97,68.67,1,-1,-1,-1
80,3,240.41,1080.56,1575.82,106.28,1,-1,-1,-1
80,4,1239.76,531.99,47.91,29.53,1,-1,-1,-1
80,5,880.49,541.63,48.36,31.09,1,-1,-1,-1
80,7,1145.03,530.01,61.70,28.35,1,-1,-1,-1
80,14,1146.25,534.49,19.45,22.51,1,-1,-1,-1
80,18,1240.59,528.70,73.61,34.37,1,-1,-1,-1
80,22,368.86,540.61,338.61,245.76,1,-1,-1,-1
80,39,260.96,555.45,178.55,139.96,1,-1,-1,-1
80,43,901.33,539.15,35.16,27.40,1,-1,-1,-1
80,45,921.37,539.92,24.38,23.94,1,-1,-1,-1
81,2,787.28,546.14,98.09,68.19,1,-1,-1,-1
81,3,194.51,1073.38,1646.80,112.02,1,-1,-1,-1
81,4,1240.70,531.69,49.00,29.88,1,-1,-1,-1
81,5,877.31,540.67,50.04,32.61,1,-1,-1,-1
81,7,1145.26,530.18,60.65,27.92,1,-1,-1,-1
81,14,1146.57,534.47,18.96,21.94,1,-1,-1,-1
81,22,308.67,545.52,375.48,268.23,1,-1,-1,-1
81,39,215.25,556.35,190.40,145.69,1,-1,-1,-1
81,43,899.34,538.94,35.49,27.65,1,-1,-1,-1
81,45,919.74,539.59,25.68,25.26,1,-1,-1,-1
82,2,778.74,544.54,107.22,74.07,1,-1,-1,-1
82,3,149.41,1068.26,1710.71,117.42,1,-1,-1,-1
82,4,1241.43,531.52,52.06,31.49,1,-1,-1,-1
82,5,875.06,541.38,50.40,33.10,1,-1,-1,-1
82,7,1144.48,530.50,62.41,28.88,1,-1,-1,-1
82,14,1145.86,534.72,20.08,23.33,1,-1,-1,-1
82,22,230.43,546.72,427.81,301.50,1,-1,-1,-1
82,33,1060.08,543.10,17.39,15.69,1,-1,-1,-1
82,39,169.97,558.46,190.41,142.12,1,-1,-1,-1
82,45,919.03,539.85,26.11,25.68,1,-1,-1,-1
83,2,771.93,543.13,113.79,78.47,1,-1,-1,-1
83,3,154.19,1069.33,1672.49,115.41,1,-1,-1,-1
83,4,1240.75,531.53,50.80,30.50,1,-1,-1,-1
83,5,870.06,541.23,53.65,35.63,1,-1,-1,-1
83,7,1145.08,530.08,61.10,28.29,1,-1,-1,-1
83,14,1146.33,534.56,19.22,22.23,1,-1,-1,-1
83,22,131.62,546.32,492.02,342.93,1,-1,-1,-1
83,33,1060.08,542.88,17.80,15.95,1,-1,-1,-1
83,39,142.74,558.86,194.28,145.01,1,-1,-1,-1
83,45,918.70,540.87,25.70,25.16,1,-1,-1,-1
84,2,765.27,544.08,116.49,79.76,1,-1,-1,-1
84,3,141.32,1069.48,1658.70,115.03,1,-1,-1,-1
84,4,1240.88,531.81,51.16,30.37,1,-1,-1,-1
84,5,868.19,541.06,54.15,36.39,1,-1,-1,-1
84,7,1144.92,530.13,61.58,28.58,1,-1,-1,-1
84,14,1146.12,534.43,19.72,22.81,1,-1,-1,-1
84,22,43.99,548.44,557.95,388.71,1,-1,-1,-1
84,33,1059.86,542.87,17.95,15.86,1,-1,-1,-1
84,45,918.33,540.95,25.69,25.11,1,-1,-1,-1
85,2,758.64,546.10,117.26,79.66,1,-1,-1,-1
85,3,144.15,1070.68,1626.51,112.86,1,-1,-1,-1
85,4,1241.06,531.75,51.35,30.48,1,-1,-1,-1
85,5,867.52,541.26,53.39,36.36,1,-1,-1,-1
85,7,1144.99,530.63,61.51,28.63,1,-1,-1,-1
85,14,1145.91,534.72,20.06,23.25,1,-1,-1,-1
85,18,1239.04,531.03,69.19,32.50,1,-1,-1,-1
85,22,-32.32,550.40,635.92,452.74,1,-1,-1,-1
85,33,1059.66,543.09,17.82,15.61,1,-1,-1,-1
85,45,916.10,539.88,26.84,26.01,1,-1,-1,-1
85,48,994.15,532.98,17.23,9.90,1,-1,-1,-1
86,1,-75.54,536.54,607.69,602.53,1,-1,-1,-1
86,2,754.31,547.57,118.70,80.10,1,-1,-1,-1
86,3,193.96,1074.49,1565.59,108.39,1,-1,-1,-1
86,5,866.41,541.36,54.02,37.24,1,-1,-1,-1
86,7,1145.30,530.36,61.09,28.45,1,-1,-1,-1
86,14,1146.02,534.70,19.68,22.73,1,-1,-1,-1
86,18,1238.98,531.76,66.10,31.20,1,-1,-1,-1
86,22,-68.89,550.87,659.81,469.74,1,-1,-1,-1
86,33,1059.35,543.25,17.93,15.60,1,-1,-1,-1
86,45,915.83,539.85,27.28,26.40,1,-1,-1,-1
86,48,993.74,532.99,17.47,9.98,1,-1,-1,-1
87,1,-61.35,543.08,545.18,570.70,1,-1,-1,-1
87,2,747.60,548.21,122.57,82.56,1,-1,-1,-1
87,3,163.08,1069.91,1619.23,112.65,1,-1,-1,-1
87,5,863.85,541.77,54.16,37.66,1,-1,-1,-1
87,7,1145.27,530.40,61.20,28.55,1,-1,-1,-1
87,14,1146.03,534.73,19.77,22.84,1,-1,-1,-1
87,18,1236.66,532.13,64.08,30.62,1,-1,-1,-1
87,33,1058.82,543.16,18.17,15.71,1,-1,-1,-1
87,45,915.58,540.54,26.73,25.65,1,-1,-1,-1
87,48,994.60,533.43,16.96,9.62,1,-1,-1,-1
88,1,-69.36,559.68,482.17,537.85,1,-1,-1,-1
88,2,740.41,547.76,129.54,86.90,1,-1,-1,-1
88,3,142.98,1068.38,1622.06,113.60,1,-1,-1,-1
88,5,860.80,541.43,55.23,38.63,1,-1,-1,-1
88,7,1145.23,530.67,61.21,28.59,1,-1,-1,-1
88,14,1145.80,534.68,20.42,23.69,1,-1,-1,-1
88,18,1239.89,531.61,66.59,31.69,1,-1,-1,-1
88,33,1058.70,543.14,18.19,15.73,1,-1,-1,-1
88,45,914.21,540.71,27.21,26.02,1,-1,-1,-1
88,48,995.96,532.80,17.67,9.96,1,-1,-1,-1
89,1,-109.52,588.00,440.79,541.53,1,-1,-1,-1
89,2,733.64,548.42,131.10,87.26,1,-1,-1,-1
89,3,127.42,1066.63,1634.47,114.87,1,-1,-1,-1
89,4,1240.18,531.87,50.08,29.64,1,-1,-1,-1
89,5,857.91,540.99,57.82,40.63,1,-1,-1,-1
89,7,1145.61,530.09,60.20,28.07,1,-1,-1,-1
89,14,1146.27,534.42,19.37,22.28,1,-1,-1,-1
89,18,1239.94,531.76,66.20,31.51,1,-1,-1,-1
89,33,1058.84,542.49,18.97,16.35,1,-1,-1,-1
89,45,913.76,540.35,26.81,25.31,1,-1,-1,-1
89,48,994.38,532.16,18.67,10.32,1,-1,-1,-1
90,1,-128.94,604.08,432.07,530.84,1,-1,-1,-1
90,2,723.26,549.22,137.46,90.62,1,-1,-1,-1
90,3,118.48,1065.70,1644.39,115.56,1,-1,-1,-1
90,4,1240.28,532.11,49.91,29.45,1,-1,-1,-1
90,5,854.72,540.90,59.64,42.13,1,-1,-1,-1
90,7,1145.53,530.27,60.15,28.04,1,-1,-1,-1
90,14,1146.17,534.40,19.45,22.34,1,-1,-1,-1
90,33,1058.75,542.40,19.07,16.44,1,-1,-1,-1
90,39,1.54,565.37,206.40,152.81,1,-1,-1,-1
90,45,911.09,539.72,28.65,26.61,1,-1,-1,-1
90,48,993.99,532.05,18.90,10.34,1,-1,-1,-1
91,2,714.60,549.49,144.10,94.27,1,-1,-1,-1
91,4,1239.43,532.53,47.40,28.37,1,-1,-1,-1
91,5,853.54,541.36,59.64,42.40,1,-1,-1,-1
91,7,1145.86,530.36,59.63,27.74,1,-1,-1,-1
91,14,1146.27,534.59,19.43,22.33,1,-1,-1,-1
91,39,-18.65,564.50,203.07,154.99,1,-1,-1,-1
91,45,910.59,539.67,28.88,26.53,1,-1,-1,-1
91,48,993.98,531.89,19.12,10.46,1,-1,-1,-1
92,2,705.09,549.55,149.40,97.12,1,-1,-1,-1
92,4,1239.17,532.20,47.18,28.61,1,-1,-1,-1
92,5,851.14,541.91,59.22,42.26,1,-1,-1,-1
92,7,1145.80,530.21,59.42,27.63,1,-1,-1,-1
92,14,1146.16,534.37,19.44,22.29,1,-1,-1,-1
92,39,-35.04,568.58,188.69,151.73,1,-1,-1,-1
92,45,908.85,539.81,29.06,26.13,1,-1,-1,-1
93,2,695.23,549.71,157.55,102.14,1,-1,-1,-1
93,4,1239.83,532.01,48.66,29.42,1,-1,-1,-1
93,5,850.73,544.61,57.87,41.10,1,-1,-1,-1
93,7,1145.82,530.19,59.95,27.85,1,-1,-1,-1
93,14,1146.29,534.38,19.37,22.18,1,-1,-1,-1
93,33,1058.68,542.25,19.23,16.41,1,-1,-1,-1
93,39,-58.33,569.48,190.52,153.20,1,-1,-1,-1
93,45,907.68,540.36,30.14,26.67,1,-1,-1,-1
94,2,682.09,549.60,164.49,106.39,1,-1,-1,-1
94,4,1240.10,532.21,48.85,29.35,1,-1,-1,-1
94,5,847.89,547.79,56.95,40.24,1,-1,-1,-1
94,7,1145.64,530.10,60.74,28.22,1,-1,-1,-1
94,14,1146.31,534.61,19.50,22.38,1,-1,-1,-1
94,33,1058.90,542.17,19.67,16.66,1,-1,-1,-1
94,45,906.03,540.46,31.49,27.44,1,-1,-1,-1
95,2,669.98,549.77,171.27,110.44,1,-1,-1,-1
95,4,1239.92,532.01,45.87,27.97,1,-1,-1,-1
95,5,839.97,542.09,67.76,48.38,1,-1,-1,-1
95,7,1145.57,529.73,60.65,28.19,1,-1,-1,-1
95,14,1146.13,534.27,19.50,22.36,1,-1,-1,-1
95,33,1058.47,541.94,19.89,16.66,1,-1,-1,-1
95,45,905.73,540.27,32.09,27.63,1,-1,-1,-1
96,2,653.20,550.42,180.11,115.23,1,-1,-1,-1
96,4,1240.61,532.42,47.18,28.60,1,-1,-1,-1
96,5,838.82,545.81,64.78,45.95,1,-1,-1,-1
96,7,1145.61,529.92,61.35,28.52,1,-1,-1,-1
96,14,1146.08,534.38,19.63,22.50,1,-1,-1,-1
96,33,1058.26,542.33,19.76,16.44,1,-1,-1,-1
96,45,904.95,540.70,31.56,26.82,1,-1,-1,-1
97,2,637.66,550.33,193.34,123.47,1,-1,-1,-1
97,4,1241.23,532.54,48.00,29.24,1,-1,-1,-1
97,5,834.26,542.77,69.97,50.08,1,-1,-1,-1
97,7,1146.12,531.00,60.05,27.87,1,-1,-1,-1
97,14,1145.94,534.94,20.11,23.07,1,-1,-1,-1
97,33,1058.70,542.83,19.36,16.12,1,-1,-1,-1
97,45,903.98,541.57,32.37,27.25,1,-1,-1,-1
98,2,625.10,551.15,200.45,127.47,1,-1,-1,-1
98,4,1241.14,532.70,48.36,29.61,1,-1,-1,-1
98,5,830.24,541.86,72.79,52.47,1,-1,-1,-1
98,7,1146.04,531.41,59.52,27.63,1,-1,-1,-1
98,14,1145.90,535.24,20.18,23.16,1,-1,-1,-1
98,33,1058.62,542.82,19.49,16.21,1,-1,-1,-1
98,45,901.50,542.33,34.55,28.70,1,-1,-1,-1
99,2,605.90,553.05,209.12,132.00,1,-1,-1,-1
99,4,1241.27,532.94,47.83,29.09,1,-1,-1,-1
99,5,828.39,545.52,70.29,50.69,1,-1,-1,-1
99,7,1145.25,530.72,61.15,28.44,1,-1,-1,-1
99,14,1145.70,534.94,20.22,23.20,1,-1,-1,-1
99,33,1058.42,543.06,19.12,15.92,1,-1,-1,-1
99,45,899.36,541.62,36.63,30.12,1,-1,-1,-1
100,2,583.04,555.62,220.28,138.14,1,-1,-1,-1
100,3,71.61,1062.81,1690.85,118.95,1,-1,-1,-1
100,4,1240.98,533.14,47.98,28.96,1,-1,-1,-1
100,5,822.63,541.65,76.60,55.87,1,-1,-1,-1
100,7,1145.09,530.67,61.17,28.54,1,-1,-1,-1
100,14,1145.81,534.94,20.02,22.96,1,-1,-1,-1
100,33,1058.00,543.04,19.07,15.80,1,-1,-1,-1
100,45,897.78,541.06,38.57,31.54,1,-1,-1,-1
101,2,558.52,556.39,236.14,147.24,1,-1,-1,-1
101,3,121.86,1063.59,1668.81,118.04,1,-1,-1,-1
101,4,1240.20,533.11,44.04,27.11,1,-1,-1,-1
101,5,818.46,539.70,81.65,60.13,1,-1,-1,-1
101,7,1145.40,530.71,61.01,28.48,1,-1,-1,-1
101,14,1145.89,535.02,19.86,22.72,1,-1,-1,-1
101,18,1240.42,531.97,65.62,31.51,1,-1,-1,-1
101,33,1057.92,543.07,19.03,15.77,1,-1,-1,-1
101,45,896.46,541.40,38.11,30.76,1,-1,-1,-1
102,2,530.31,557.22,252.89,156.48,1,-1,-1,-1
102,3,105.99,1063.09,1680.50,118.85,1,-1,-1,-1
102,4,1241.38,532.99,46.50,28.33,1,-1,-1,-1
102,5,815.96,539.80,82.91,61.53,1,-1,-1,-1
102,7,1145.96,531.17,59.78,27.84,1,-1,-1,-1
102,14,1145.81,535.13,20.18,23.11,1,-1,-1,-1
102,18,1240.44,532.01,65.53,31.47,1,-1,-1,-1
102,45,894.82,541.79,38.85,31.04,1,-1,-1,-1
103,2,498.03,556.70,274.04,168.74,1,-1,-1,-1
103,3,207.56,1069.91,1594.33,111.55,1,-1,-1,-1
103,4,1242.19,532.97,48.37,29.05,1,-1,-1,-1
103,5,813.45,539.48,84.12,62.92,1,-1,-1,-1
103,7,1145.71,530.83,60.32,28.14,1,-1,-1,-1
103,14,1145.91,534.97,19.93,22.81,1,-1,-1,-1
103,33,1058.44,542.96,19.33,16.03,1,-1,-1,-1
103,45,893.00,541.30,39.50,31.32,1,-1,-1,-1
104,2,461.16,557.01,299.96,183.72,1,-1,-1,-1
104,3,222.79,1077.51,1523.83,104.44,1,-1,-1,-1
104,4,1241.10,532.44,50.68,30.14,1,-1,-1,-1
104,5,808.60,538.83,86.99,65.65,1,-1,-1,-1
104,7,1145.51,530.50,60.84,28.39,1,-1,-1,-1
104,14,1146.03,534.74,19.73,22.56,1,-1,-1,-1
104,33,1058.45,542.64,19.84,16.38,1,-1,-1,-1
104,45,892.29,541.28,39.56,31.06,1,-1,-1,-1
105,2,420.91,558.21,323.13,196.45,1,-1,-1,-1
105,3,234.23,1077.49,1543.24,104.64,1,-1,-1,-1
105,4,1241.21,532.42,50.94,30.30,1,-1,-1,-1
105,5,806.22,539.27,88.13,66.69,1,-1,-1,-1
105,7,1146.17,530.87,59.55,27.73,1,-1,-1,-1
105,14,1146.05,535.07,19.55,22.25,1,-1,-1,-1
105,18,1240.95,531.15,68.38,32.91,1,-1,-1,-1
105,33,1058.54,542.70,19.85,16.34,1,-1,-1,-1
105,45,891.10,541.58,41.35,32.25,1,-1,-1,-1
106,2,376.31,561.47,347.92,209.97,1,-1,-1,-1
106,3,232.06,1081.17,1564.17,104.21,1,-1,-1,-1
106,4,1239.44,532.51,50.99,30.30,1,-1,-1,-1
106,5,802.35,540.61,89.03,67.77,1,-1,-1,-1
106,7,1145.66,530.84,60.74,28.35,1,-1,-1,-1
106,14,1145.77,534.93,20.10,22.96,1,-1,-1,-1
106,18,1241.00,531.10,68.59,33.01,1,-1,-1,-1
106,33,1058.42,542.65,19.86,16.39,1,-1,-1,-1
106,45,890.43,541.30,40.96,31.79,1,-1,-1,-1
107,2,318.53,563.77,382.95,229.06,1,-1,-1,-1
107,3,133.33,1063.82,1711.87,115.99,1,-1,-1,-1
107,4,1239.28,532.21,51.70,30.65,1,-1,-1,-1
107,5,798.45,541.12,88.77,67.95,1,-1,-1,-1
107,7,1145.46,530.35,61.18,28.59,1,-1,-1,-1
107,14,1145.90,534.75,19.87,22.68,1,-1,-1,-1
107,33,1058.57,542.58,19.81,16.36,1,-1,-1,-1
107,45,888.48,541.38,41.51,31.99,1,-1,-1,-1
108,2,250.30,566.77,429.27,253.86,1,-1,-1,-1
108,3,111.45,1062.43,1720.30,117.83,1,-1,-1,-1
108,4,1240.67,532.09,51.72,30.67,1,-1,-1,-1
108,5,795.09,541.37,90.97,69.84,1,-1,-1,-1
108,7,1146.67,531.01,59.90,27.83,1,-1,-1,-1
108,14,1145.94,535.08,19.78,22.52,1,-1,-1,-1
108,33,1058.57,542.87,19.50,16.13,1,-1,-1,-1
108,45,886.77,541.53,41.23,31.56,1,-1,-1,-1
109,2,165.22,568.11,488.96,285.61,1,-1,-1,-1
109,3,94.00,1058.21,1717.25,118.57,1,-1,-1,-1
109,4,1240.96,531.90,52.20,31.06,1,-1,-1,-1
109,5,790.19,540.32,93.75,72.46,1,-1,-1,-1
109,7,1145.88,531.07,60.23,28.04,1,-1,-1,-1
109,14,1145.88,535.17,19.92,22.69,1,-1,-1,-1
109,33,1058.58,542.88,19.50,16.12,1,-1,-1,-1
109,45,884.19,541.60,42.49,32.07,1,-1,-1,-1
110,2,80.44,570.83,551.94,319.83,1,-1,-1,-1
110,3,86.37,1056.87,1728.21,119.32,1,-1,-1,-1
110,4,1239.81,531.56,52.61,31.29,1,-1,-1,-1
110,5,785.50,541.04,94.81,72.92,1,-1,-1,-1
110,7,1145.87,530.57,60.42,28.08,1,-1,-1,-1
110,14,1145.97,534.92,19.80,22.59,1,-1,-1,-1
110,45,882.41,541.20,43.24,32.27,1,-1,-1,-1
111,2,48.44,571.95,571.97,331.42,1,-1,-1,-1
111,4,1240.94,532.12,50.10,29.84,1,-1,-1,-1
111,5,779.13,540.24,98.53,75.92,1,-1,-1,-1
111,7,1145.69,530.51,61.11,28.43,1,-1,-1,-1
111,14,1145.84,535.17,19.80,22.55,1,-1,-1,-1
111,18,1243.60,528.10,78.53,37.54,1,-1,-1,-1
111,22,4.92,575.73,577.24,402.55,1,-1,-1,-1
111,33,1058.14,543.26,18.95,15.68,1,-1,-1,-1
111,45,881.08,542.32,42.07,30.88,1,-1,-1,-1
112,4,1240.01,532.48,48.21,28.92,1,-1,-1,-1
112,5,775.21,540.12,100.66,77.55,1,-1,-1,-1
112,7,1145.26,530.46,61.33,28.60,1,-1,-1,-1
112,14,1145.71,535.18,19.95,22.70,1,-1,-1,-1
112,18,1243.29,526.31,81.13,38.76,1,-1,-1,-1
112,22,-27.65,577.46,619.60,447.49,1,-1,-1,-1
112,33,1058.10,543.31,18.89,15.63,1,-1,-1,-1
112,45,879.53,541.08,44.21,32.25,1,-1,-1,-1
113,1,26.21,581.80,451.23,535.51,1,-1,-1,-1
113,4,1239.71,532.66,43.57,26.53,1,-1,-1,-1
113,7,1145.10,530.34,61.60,28.75,1,-1,-1,-1
113,14,1145.65,534.76,20.19,23.01,1,-1,-1,-1
113,18,1240.74,529.48,70.58,34.04,1,-1,-1,-1
113,22,-25.76,578.61,621.04,448.53,1,-1,-1,-1
113,45,878.13,540.72,45.89,33.12,1,-1,-1,-1
114,1,23.49,586.93,438.66,509.14,1,-1,-1,-1
114,4,1239.60,532.82,44.91,27.49,1,-1,-1,-1
114,5,761.48,538.50,110.43,84.59,1,-1,-1,-1
114,7,1145.26,530.90,60.72,28.40,1,-1,-1,-1
114,14,1145.70,535.05,20.11,22.92,1,-1,-1,-1
114,18,1242.94,529.80,72.75,34.49,1,-1,-1,-1
114,45,877.55,540.64,46.36,33.23,1,-1,-1,-1
115,1,1.13,605.16,397.69,472.54,1,-1,-1,-1
115,4,1241.23,532.61,48.04,29.07,1,-1,-1,-1
115,5,752.72,537.63,115.61,88.61,1,-1,-1,-1
115,7,1145.56,531.01,60.59,28.36,1,-1,-1,-1
115,14,1145.72,535.23,20.40,23.35,1,-1,-1,-1
115,18,1243.18,529.76,72.92,34.58,1,-1,-1,-1
115,45,875.11,540.72,48.53,34.66,1,-1,-1,-1
116,1,-26.31,653.53,343.98,432.55,1,-1,-1,-1
116,4,1242.36,531.73,52.24,31.23,1,-1,-1,-1
116,5,745.54,536.93,118.48,90.56,1,-1,-1,-1
116,7,1145.64,530.35,61.10,28.61,1,-1,-1,-1
116,14,1146.00,534.93,19.88,22.74,1,-1,-1,-1
116,45,871.91,541.16,51.03,36.33,1,-1,-1,-1
117,1,-27.39,659.68,337.28,424.14,1,-1,-1,-1
117,4,1243.90,531.93,52.74,31.08,1,-1,-1,-1
117,5,738.97,538.85,119.97,90.73,1,-1,-1,-1
117,7,1146.14,530.98,59.94,28.02,1,-1,-1,-1
117,14,1146.01,535.14,19.68,22.47,1,-1,-1,-1
117,45,868.80,541.41,51.13,36.17,1,-1,-1,-1
118,3,124.61,1065.12,1654.37,114.58,1,-1,-1,-1
118,4,1241.50,532.33,50.81,29.96,1,-1,-1,-1
118,5,729.48,540.13,125.54,94.10,1,-1,-1,-1
118,7,1146.56,531.08,59.35,27.67,1,-1,-1,-1
118,14,1146.19,535.22,19.41,22.04,1,-1,-1,-1
118,33,1058.19,543.08,19.14,15.92,1,-1,-1,-1
118,45,866.79,541.19,53.35,37.59,1,-1,-1,-1
119,3,123.97,1065.16,1654.03,114.56,1,-1,-1,-1
119,4,1240.44,532.55,51.07,30.03,1,-1,-1,-1
119,5,719.82,539.85,130.67,96.92,1,-1,-1,-1
119,7,1145.60,530.29,61.40,28.70,1,-1,-1,-1
119,14,1145.99,534.87,19.78,22.47,1,-1,-1,-1
119,33,1058.17,543.08,19.14,15.92,1,-1,-1,-1
119,45,865.36,541.10,53.28,37.43,1,-1,-1,-1
120,4,1240.36,532.12,52.98,31.22,1,-1,-1,-1
120,5,708.45,541.65,134.72,98.52,1,-1,-1,-1
120,7,1145.74,530.50,61.29,28.62,1,-1,-1,-1
120,14,1145.74,535.13,19.98,22.63,1,-1,-1,-1
120,45,863.27,541.27,54.29,37.90,1,-1,-1,-1
121,4,1239.90,532.48,51.56,30.32,1,-1,-1,-1
121,5,698.68,543.20,139.89,100.71,1,-1,-1,-1
121,7,1144.99,529.99,63.40,29.72,1,-1,-1,-1
121,14,1145.62,535.17,20.57,23.38,1,-1,-1,-1
121,45,861.08,541.29,55.59,38.48,1,-1,-1,-1
122,4,1240.48,532.75,50.27,29.45,1,-1,-1,-1
122,5,686.06,543.69,146.64,104.04,1,-1,-1,-1
122,7,1145.22,530.14,62.28,29.22,1,-1,-1,-1
122,14,1145.71,534.90,20.34,23.13,1,-1,-1,-1
122,45,857.37,541.00,57.60,39.38,1,-1,-1,-1
123,4,1239.93,532.44,51.61,30.40,1,-1,-1,-1
123,5,671.95,544.83,155.72,109.34,1,-1,-1,-1
123,7,1145.38,530.27,61.67,28.99,1,-1,-1,-1
123,14,1145.79,534.87,20.20,22.97,1,-1,-1,-1
123,45,854.56,541.29,60.09,40.70,1,-1,-1,-1
123,62,1579.38,320.59,256.30,728.93,1,-1,-1,-1
124,4,1240.59,531.97,54.38,31.98,1,-1,-1,-1
124,5,655.57,543.86,167.28,116.74,1,-1,-1,-1
124,7,1146.05,531.15,60.02,28.18,1,-1,-1,-1
124,14,1145.66,535.10,20.15,22.93,1,-1,-1,-1
124,33,1058.53,542.86,19.35,15.95,1,-1,-1,-1
124,45,852.40,541.62,62.27,41.99,1,-1,-1,-1
124,62,1515.52,301.55,302.26,837.94,1,-1,-1,-1
125,4,1240.27,531.97,52.40,30.75,1,-1,-1,-1
125,5,639.58,544.04,176.25,122.27,1,-1,-1,-1
125,7,1145.16,530.34,61.79,29.10,1,-1,-1,-1
125,14,1145.64,534.73,20.45,23.41,1,-1,-1,-1
125,33,1058.56,542.85,19.35,15.96,1,-1,-1,-1
125,45,849.21,541.87,63.14,42.46,1,-1,-1,-1
125,62,1489.23,340.57,290.09,759.98,1,-1,-1,-1
126,4,1241.49,531.85,54.01,31.60,1,-1,-1,-1
126,5,621.10,545.18,186.99,129.25,1,-1,-1,-1
126,7,1145.46,530.60,60.84,28.75,1,-1,-1,-1
126,14,1145.91,534.67,20.35,23.35,1,-1,-1,-1
126,45,848.33,541.97,63.66,42.64,1,-1,-1,-1
126,62,1465.46,363.29,270.11,648.80,1,-1,-1,-1
127,4,1237.52,532.53,50.89,30.61,1,-1,-1,-1
127,5,601.54,545.44,195.56,134.48,1,-1,-1,-1
127,7,1145.49,531.13,59.91,28.37,1,-1,-1,-1
127,14,1145.69,534.94,20.33,23.33,1,-1,-1,-1
127,45,845.73,541.80,65.31,43.52,1,-1,-1,-1
127,62,1459.31,389.91,250.37,532.00,1,-1,-1,-1
128,4,1237.16,532.55,50.99,30.67,1,-1,-1,-1
128,5,576.75,545.07,208.41,142.77,1,-1,-1,-1
128,7,1146.46,530.23,61.72,29.08,1,-1,-1,-1
128,14,1145.74,534.58,20.46,23.55,1,-1,-1,-1
128,45,841.44,541.36,69.22,46.02,1,-1,-1,-1
128,62,1437.06,417.52,234.09,435.25,1,-1,-1,-1
129,5,551.54,545.42,221.74,151.15,1,-1,-1,-1
129,7,1146.58,530.32,62.18,29.26,1,-1,-1,-1
129,14,1145.67,534.48,20.44,23.61,1,-1,-1,-1
129,45,837.64,541.25,71.56,47.44,1,-1,-1,-1
129,62,1385.37,430.90,224.18,374.04,1,-1,-1,-1
130,5,522.13,544.73,237.42,161.00,1,-1,-1,-1
130,7,1144.01,529.30,67.29,31.95,1,-1,-1,-1
130,14,1145.64,534.43,20.49,23.67,1,-1,-1,-1
130,45,832.67,542.43,74.20,49.65,1,-1,-1,-1
130,62,1328.84,443.82,214.54,325.27,1,-1,-1,-1
130,64,136.68,1082.71,1666.50,105.75,1,-1,-1,-1
131,3,217.62,1076.43,1541.78,106.27,1,-1,-1,-1
131,5,490.92,545.66,254.90,171.59,1,-1,-1,-1
131,7,1142.31,529.88,67.48,32.44,1,-1,-1,-1
131,14,1145.55,534.97,20.86,24.24,1,-1,-1,-1
131,45,830.10,541.96,76.11,51.01,1,-1,-1,-1
131,62,1281.63,454.12,205.34,286.41,1,-1,-1,-1
131,64,126.15,1081.46,1693.71,107.47,1,-1,-1,-1
132,3,202.04,1071.55,1597.46,111.59,1,-1,-1,-1
132,5,454.13,544.34,277.04,185.11,1,-1,-1,-1
132,7,1140.94,530.00,66.72,32.64,1,-1,-1,-1
132,14,1145.39,535.00,21.36,25.07,1,-1,-1,-1
132,45,826.39,540.82,79.44,53.40,1,-1,-1,-1
132,62,1244.58,463.85,202.40,263.47,1,-1,-1,-1
133,3,205.98,1069.74,1625.56,114.31,1,-1,-1,-1
133,5,414.61,544.47,302.74,200.81,1,-1,-1,-1
133,7,1140.39,529.94,67.44,32.99,1,-1,-1,-1
133,14,1145.32,535.02,21.53,25.26,1,-1,-1,-1
133,45,823.55,541.06,80.28,53.96,1,-1,-1,-1
133,62,1212.51,471.24,197.77,242.04,1,-1,-1,-1
134,3,212.83,1071.29,1586.75,112.58,1,-1,-1,-1
134,5,366.94,547.42,323.52,212.47,1,-1,-1,-1
134,45,818.68,541.95,81.77,55.34,1,-1,-1,-1
134,62,1193.56,480.61,184.40,214.43,1,-1,-1,-1
135,3,217.60,1074.96,1548.88,110.75,1,-1,-1,-1
135,5,346.78,547.75,333.94,219.31,1,-1,-1,-1
135,22,289.73,547.69,360.05,243.03,1,-1,-1,-1
135,45,814.81,541.17,85.37,58.18,1,-1,-1,-1
135,62,1176.46,484.95,180.19,201.37,1,-1,-1,-1
136,3,219.21,1075.49,1547.47,110.65,1,-1,-1,-1
136,22,219.61,548.60,413.14,267.28,1,-1,-1,-1
136,45,810.28,541.53,87.99,60.31,1,-1,-1,-1
136,62,1159.32,489.49,175.42,188.75,1,-1,-1,-1
136,64,193.33,1082.81,1648.90,104.66,1,-1,-1,-1
137,22,136.76,549.51,465.90,291.60,1,-1,-1,-1
137,45,805.58,541.83,90.00,61.93,1,-1,-1,-1
137,62,1145.60,494.08,168.42,175.71,1,-1,-1,-1
137,64,198.30,1082.54,1652.73,104.91,1,-1,-1,-1
138,22,52.32,552.40,534.60,332.66,1,-1,-1,-1
138,45,801.79,542.53,92.02,63.27,1,-1,-1,-1
138,62,1128.79,500.25,146.94,153.29,1,-1,-1,-1
139,22,-18.42,552.66,605.85,388.50,1,-1,-1,-1
139,33,1058.36,542.52,20.05,16.49,1,-1,-1,-1
139,45,795.99,541.74,97.09,66.62,1,-1,-1,-1
140,1,36.71,552.87,412.02,487.55,1,-1,-1,-1
140,22,-55.36,552.84,633.84,406.43,1,-1,-1,-1
140,33,1058.35,542.49,20.09,16.52,1,-1,-1,-1
140,45,789.65,542.16,100.62,69.21,1,-1,-1,-1
141,1,20.77,555.45,406.08,480.10,1,-1,-1,-1
141,45,782.82,541.84,103.85,71.52,1,-1,-1,-1
142,1,-10.42,563.37,387.94,481.35,1,-1,-1,-1
142,33,1057.47,542.17,21.04,17.13,1,-1,-1,-1
142,45,774.60,541.87,106.44,73.52,1,-1,-1,-1
143,1,-39.53,602.82,335.06,450.97,1,-1,-1,-1
143,4,1244.04,533.13,44.31,26.76,1,-1,-1,-1
143,33,1056.38,542.28,20.73,16.70,1,-1,-1,-1
143,45,766.10,541.87,110.05,76.21,1,-1,-1,-1
143,66,1094.07,508.06,153.24,126.43,1,-1,-1,-1
144,1,-43.58,602.79,334.68,450.48,1,-1,-1,-1
144,4,1244.37,533.16,43.96,26.55,1,-1,-1,-1
144,18,1239.29,531.49,64.95,31.25,1,-1,-1,-1
144,33,1056.21,542.24,20.77,16.73,1,-1,-1,-1
144,45,757.51,541.61,113.64,79.07,1,-1,-1,-1
144,66,1092.30,512.25,141.38,116.41,1,-1,-1,-1
145,18,1241.37,530.38,71.32,33.42,1,-1,-1,-1
145,45,750.35,542.29,117.11,81.66,1,-1,-1,-1
145,66,1084.60,510.14,137.56,113.43,1,-1,-1,-1
146,3,245.71,1072.27,1538.80,110.53,1,-1,-1,-1
146,18,1242.19,529.78,76.07,35.52,1,-1,-1,-1
146,45,741.51,542.68,122.97,85.78,1,-1,-1,-1
146,66,1080.03,509.09,133.87,110.65,1,-1,-1,-1
147,3,188.28,1068.63,1577.24,113.43,1,-1,-1,-1
147,4,1239.03,533.25,47.03,28.93,1,-1,-1,-1
147,18,1240.87,529.71,78.88,36.77,1,-1,-1,-1
147,33,1055.59,542.99,20.13,16.06,1,-1,-1,-1
147,45,731.70,544.55,126.30,87.84,1,-1,-1,-1
147,66,1076.88,511.47,127.07,105.05,1,-1,-1,-1
148,3,184.59,1068.22,1580.60,113.67,1,-1,-1,-1
148,4,1238.63,533.28,47.21,29.04,1,-1,-1,-1
148,18,1241.22,528.50,83.51,38.75,1,-1,-1,-1
148,33,1057.21,543.76,20.97,16.35,1,-1,-1,-1
148,45,720.67,546.07,131.54,91.11,1,-1,-1,-1
148,66,1074.91,512.65,122.41,101.33,1,-1,-1,-1
149,4,1239.92,533.65,44.08,27.40,1,-1,-1,-1
149,18,1242.82,528.67,82.04,37.85,1,-1,-1,-1
149,33,1056.45,543.55,21.67,16.74,1,-1,-1,-1
149,45,710.05,549.07,135.23,92.91,1,-1,-1,-1
149,66,1074.56,514.50,117.82,97.69,1,-1,-1,-1
150,3,158.29,1067.13,1680.86,120.95,1,-1,-1,-1
150,4,1241.34,533.86,39.55,24.96,1,-1,-1,-1
150,18,1238.66,530.91,71.85,33.87,1,-1,-1,-1
150,33,1055.08,542.88,20.82,16.42,1,-1,-1,-1
150,45,695.38,547.86,145.25,99.42,1,-1,-1,-1
150,66,1070.95,514.40,114.35,95.12,1,-1,-1,-1
151,3,151.81,1063.42,1674.25,121.33,1,-1,-1,-1
151,4,1241.25,533.94,39.00,24.61,1,-1,-1,-1
151,18,1239.96,528.01,83.17,39.27,1,-1,-1,-1
151,33,1054.73,542.76,20.05,15.79,1,-1,-1,-1
151,45,680.95,547.39,153.89,104.96,1,-1,-1,-1
151,66,1068.82,515.47,109.69,91.64,1,-1,-1,-1
152,3,163.59,1066.19,1621.18,115.77,1,-1,-1,-1
152,4,1240.79,533.95,43.41,27.56,1,-1,-1,-1
152,18,1241.11,529.45,78.26,37.20,1,-1,-1,-1
152,33,1054.51,542.75,19.96,15.72,1,-1,-1,-1
152,45,664.00,548.52,163.15,110.76,1,-1,-1,-1
152,66,1064.17,516.83,105.74,88.60,1,-1,-1,-1
153,3,160.34,1065.79,1624.17,115.98,1,-1,-1,-1
153,4,1240.64,534.03,43.51,27.62,1,-1,-1,-1
153,18,1241.98,528.51,81.69,38.76,1,-1,-1,-1
153,45,642.75,548.41,173.25,117.24,1,-1,-1,-1
153,66,1064.27,517.82,101.56,85.42,1,-1,-1,-1
154,3,207.80,1070.44,1581.62,112.92,1,-1,-1,-1
154,4,1242.86,534.23,46.54,29.28,1,-1,-1,-1
154,18,1242.11,528.30,82.79,39.28,1,-1,-1,-1
154,45,621.07,549.78,182.71,123.25,1,-1,-1,-1
154,66,1062.34,519.13,97.43,81.99,1,-1,-1,-1
155,3,216.93,1076.39,1501.33,104.95,1,-1,-1,-1
155,4,1241.69,535.17,48.00,30.56,1,-1,-1,-1
155,45,600.33,551.94,192.55,128.77,1,-1,-1,-1
155,66,1062.51,520.39,94.59,79.61,1,-1,-1,-1
156,3,188.79,1073.87,1542.88,107.81,1,-1,-1,-1
156,4,1241.82,536.66,47.65,30.40,1,-1,-1,-1
156,45,572.32,554.35,209.16,139.44,1,-1,-1,-1
156,66,1059.03,522.42,92.31,77.61,1,-1,-1,-1
157,3,163.21,1073.57,1565.13,109.55,1,-1,-1,-1
157,4,1242.07,538.67,47.25,30.19,1,-1,-1,-1
157,7,1146.25,540.32,64.62,31.79,1,-1,-1,-1
157,45,538.75,556.10,229.43,152.50,1,-1,-1,-1
157,66,1057.30,524.75,89.32,75.41,1,-1,-1,-1
158,3,172.38,1071.84,1577.39,110.96,1,-1,-1,-1
158,4,1240.27,541.18,45.45,29.67,1,-1,-1,-1
158,7,1146.52,540.78,64.48,31.73,1,-1,-1,-1
158,45,499.61,557.41,252.96,167.51,1,-1,-1,-1
158,66,1055.85,526.76,87.85,74.50,1,-1,-1,-1
159,3,225.21,1080.11,1470.38,103.01,1,-1,-1,-1
159,4,1241.33,543.85,46.23,30.34,1,-1,-1,-1
159,14,1146.33,547.54,20.93,24.90,1,-1,-1,-1
159,18,1247.77,539.96,78.11,36.86,1,-1,-1,-1
159,45,453.53,560.02,282.58,185.66,1,-1,-1,-1
159,66,1053.62,528.24,84.52,71.67,1,-1,-1,-1
160,3,285.67,1089.39,1403.63,97.58,1,-1,-1,-1
160,4,1241.40,546.87,47.01,31.44,1,-1,-1,-1
160,5,359.94,566.42,338.96,217.33,1,-1,-1,-1
160,7,1149.12,547.58,58.98,28.14,1,-1,-1,-1
160,14,1147.92,550.41,19.65,22.83,1,-1,-1,-1
160,18,1248.32,540.79,78.34,36.96,1,-1,-1,-1
160,45,435.74,560.97,292.34,192.07,1,-1,-1,-1
160,66,1053.64,534.97,79.90,68.36,1,-1,-1,-1
161,3,281.58,1092.40,1383.79,94.79,1,-1,-1,-1
161,4,1242.96,549.87,45.05,30.55,1,-1,-1,-1
161,5,299.59,566.59,384.39,242.16,1,-1,-1,-1
161,7,1149.45,550.08,58.13,26.89,1,-1,-1,-1
161,14,1148.83,552.71,20.37,22.85,1,-1,-1,-1
161,66,1051.64,537.14,76.53,65.47,1,-1,-1,-1
162,3,258.38,1083.95,1465.65,100.29,1,-1,-1,-1
162,4,1246.29,552.71,45.86,31.47,1,-1,-1,-1
162,5,205.56,563.49,449.72,279.34,1,-1,-1,-1
162,7,1150.20,551.45,56.83,26.29,1,-1,-1,-1
162,14,1152.61,555.65,19.22,21.11,1,-1,-1,-1
162,18,1250.16,546.70,81.63,38.92,1,-1,-1,-1
163,3,265.56,1084.67,1455.22,99.58,1,-1,-1,-1
163,4,1246.62,554.16,46.24,31.74,1,-1,-1,-1
163,5,95.90,570.36,527.87,321.66,1,-1,-1,-1
163,14,1159.49,557.06,20.19,21.78,1,-1,-1,-1
163,18,1253.58,551.29,73.63,35.61,1,-1,-1,-1
163,64,186.57,1082.48,1592.53,100.94,1,-1,-1,-1
164,5,61.97,571.48,550.88,335.68,1,-1,-1,-1
164,14,1161.54,558.41,19.95,21.51,1,-1,-1,-1
164,18,1262.72,551.40,64.71,32.31,1,-1,-1,-1
164,22,-32.34,581.66,635.84,418.61,1,-1,-1,-1
164,64,75.06,1075.82,1664.47,106.60,1,-1,-1,-1
165,1,55.41,583.78,429.01,528.77,1,-1,-1,-1
165,18,1264.39,552.84,63.76,31.84,1,-1,-1,-1
165,22,-29.11,582.93,634.76,417.89,1,-1,-1,-1
165,64,105.44,1076.78,1664.84,109.09,1,-1,-1,-1
166,1,34.99,593.20,425.38,515.64,1,-1,-1,-1
166,64,146.22,1073.72,1629.81,108.26,1,-1,-1,-1
167,1,5.16,629.16,390.63,483.88,1,-1,-1,-1
167,64,196.77,1087.19,1457.22,93.53,1,-1,-1,-1
168,1,4.88,632.66,389.74,482.79,1,-1,-1,-1
168,3,214.11,1079.21,1506.26,103.19,1,-1,-1,-1
168,64,202.83,1088.21,1434.67,92.08,1,-1,-1,-1
169,3,213.34,1079.11,1505.28,103.12,1,-1,-1,-1
179,100,103.38,602.73,141.73,114.42,1,-1,-1,-1
180,100,195.53,596.28,145.21,114.28,1,-1,-1,-1
181,100,292.09,588.45,146.85,112.92,1,-1,-1,-1
182,100,384.60,580.23,151.95,113.89,1,-1,-1,-1
183,22,468.95,570.15,190.51,117.25,1,-1,-1,-1
183,100,456.04,574.29,152.61,114.38,1,-1,-1,-1
184,22,554.79,561.45,195.37,116.19,1,-1,-1,-1
185,22,631.68,555.63,201.42,117.96,1,-1,-1,-1
186,1,4.67,548.54,167.74,207.04,1,-1,-1,-1
186,22,713.75,552.02,208.87,121.22,1,-1,-1,-1
186,126,52.01,1070.52,1868.13,111.90,1,-1,-1,-1
187,1,27.13,549.46,182.57,204.28,1,-1,-1,-1
187,22,794.81,553.65,217.72,125.05,1,-1,-1,-1
187,126,139.65,1085.82,1697.78,101.82,1,-1,-1,-1
187,137,341.65,543.90,28.76,19.44,1,-1,-1,-1
