3,1,782.83,502.46,146.46,116.08,1,-1,-1,-1
3,2,935.95,538.26,29.29,20.50,1,-1,-1,-1
3,3,188.51,1068.75,1520.09,113.05,1,-1,-1,-1
3,4,1239.89,527.95,43.32,28.56,1,-1,-1,-1
3,5,964.20,535.63,19.73,16.30,1,-1,-1,-1
3,7,1148.24,525.73,62.45,30.41,1,-1,-1,-1
3,8,1049.16,535.96,18.49,11.60,1,-1,-1,-1
3,9,1025.61,532.51,13.33,8.92,1,-1,-1,-1
4,1,781.76,503.75,148.08,113.78,1,-1,-1,-1
4,2,932.92,537.39,32.84,21.85,1,-1,-1,-1
4,3,224.81,1065.38,1515.48,117.48,1,-1,-1,-1
4,4,1241.03,529.18,37.39,25.53,1,-1,-1,-1
4,5,964.01,536.22,19.29,16.39,1,-1,-1,-1
4,7,1148.22,525.38,63.41,32.52,1,-1,-1,-1
4,8,1049.02,536.12,18.51,11.95,1,-1,-1,-1
4,9,1025.21,533.08,15.25,10.23,1,-1,-1,-1
5,1,783.00,503.78,146.60,113.28,1,-1,-1,-1
5,2,933.62,538.35,32.52,21.58,1,-1,-1,-1
5,3,219.41,1065.07,1519.04,118.02,1,-1,-1,-1
5,4,1241.06,528.64,42.75,28.83,1,-1,-1,-1
5,5,963.93,536.43,17.67,16.08,1,-1,-1,-1
5,7,1147.90,526.52,62.37,30.50,1,-1,-1,-1
5,8,1045.09,536.03,23.71,13.31,1,-1,-1,-1
6,1,780.12,506.88,148.29,111.10,1,-1,-1,-1
6,2,931.26,539.38,34.51,21.74,1,-1,-1,-1
6,3,151.63,1068.50,1542.61,113.87,1,-1,-1,-1
6,4,1239.53,529.83,40.06,28.89,1,-1,-1,-1
6,5,962.99,537.74,19.43,14.73,1,-1,-1,-1
6,7,1148.10,528.77,61.23,30.53,1,-1,-1,-1
6,8,1044.63,536.21,24.08,13.69,1,-1,-1,-1
7,1,781.18,507.14,150.38,112.06,1,-1,-1,-1
7,2,930.99,540.58,34.60,23.20,1,-1,-1,-1
7,3,230.57,1066.83,1513.85,116.55,1,-1,-1,-1
7,4,1241.91,531.98,39.42,26.51,1,-1,-1,-1
7,5,963.40,538.14,19.38,14.97,1,-1,-1,-1
7,7,1148.04,532.15,59.84,26.84,1,-1,-1,-1
7,8,1040.73,537.21,26.54,14.52,1,-1,-1,-1
8,1,780.74,506.80,151.06,112.65,1,-1,-1,-1
8,2,931.31,541.02,33.97,22.05,1,-1,-1,-1
8,3,206.26,1066.32,1543.55,116.96,1,-1,-1,-1
8,4,1241.70,531.73,39.48,27.38,1,-1,-1,-1
8,5,962.50,538.44,19.47,16.04,1,-1,-1,-1
8,7,1148.44,531.69,59.98,27.91,1,-1,-1,-1
8,8,1039.51,536.49,26.86,13.65,1,-1,-1,-1
8,14,1148.85,535.13,15.43,22.27,1,-1,-1,-1
9,1,782.20,506.69,148.75,111.83,1,-1,-1,-1
9,2,931.74,541.17,33.34,22.48,1,-1,-1,-1
9,3,193.44,1069.30,1555.34,113.94,1,-1,-1,-1
9,4,1241.45,531.72,41.05,27.29,1,-1,-1,-1
9,5,961.98,538.80,19.72,16.24,1,-1,-1,-1
9,7,1148.53,529.00,64.75,29.40,1,-1,-1,-1
9,8,1031.53,536.19,34.35,13.66,1,-1,-1,-1
9,14,1147.89,534.70,16.36,22.09,1,-1,-1,-1
10,1,782.36,505.34,147.08,114.99,1,-1,-1,-1
10,2,930.91,541.40,33.18,22.80,1,-1,-1,-1
10,3,211.64,1067.55,1532.00,115.60,1,-1,-1,-1
10,4,1241.52,532.18,39.56,26.50,1,-1,-1,-1
10,5,961.96,538.79,20.32,17.30,1,-1,-1,-1
10,7,1148.30,531.04,60.27,29.10,1,-1,-1,-1
10,8,1027.28,537.32,36.47,13.26,1,-1,-1,-1
10,14,1148.63,535.12,15.84,22.72,1,-1,-1,-1
11,1,781.12,506.56,149.93,112.66,1,-1,-1,-1
11,2,930.69,541.56,32.24,24.07,1,-1,-1,-1
11,3,206.75,1067.57,1528.60,115.69,1,-1,-1,-1
11,4,1241.96,531.73,39.46,27.22,1,-1,-1,-1
11,5,961.85,538.60,20.55,15.08,1,-1,-1,-1
11,7,1148.42,530.99,61.50,28.59,1,-1,-1,-1
11,8,1024.87,536.65,37.00,13.76,1,-1,-1,-1
11,14,1148.41,535.22,15.88,22.04,1,-1,-1,-1
12,1,781.83,507.32,149.14,111.86,1,-1,-1,-1
12,2,931.31,541.90,31.26,22.33,1,-1,-1,-1
12,3,172.97,1076.33,1563.11,107.44,1,-1,-1,-1
12,4,1241.93,531.54,39.09,27.44,1,-1,-1,-1
12,5,961.64,538.41,21.91,15.61,1,-1,-1,-1
12,7,1147.48,530.70,61.65,28.27,1,-1,-1,-1
12,8,1021.67,536.13,35.25,12.53,1,-1,-1,-1
12,14,1148.01,534.92,16.17,22.22,1,-1,-1,-1
13,1,781.13,506.78,150.50,112.68,1,-1,-1,-1
13,2,931.74,541.78,29.72,24.08,1,-1,-1,-1
13,3,218.58,1066.35,1519.60,117.16,1,-1,-1,-1
13,4,1241.66,531.83,40.97,28.03,1,-1,-1,-1
13,5,959.51,538.06,24.99,16.90,1,-1,-1,-1
13,7,1148.31,530.54,60.22,29.68,1,-1,-1,-1
13,8,1019.96,535.79,32.38,12.00,1,-1,-1,-1
13,14,1148.54,535.23,15.50,22.87,1,-1,-1,-1
14,1,782.78,505.70,145.63,114.62,1,-1,-1,-1
14,2,931.24,542.56,27.84,24.95,1,-1,-1,-1
14,3,255.29,1064.45,1527.44,123.88,1,-1,-1,-1
14,4,1242.42,531.74,39.93,27.55,1,-1,-1,-1
14,5,958.26,537.90,24.61,16.89,1,-1,-1,-1
14,7,1147.33,531.47,61.59,27.69,1,-1,-1,-1
14,8,1017.97,535.99,30.78,11.79,1,-1,-1,-1
14,14,1148.01,535.21,16.30,22.15,1,-1,-1,-1
15,1,781.21,506.97,149.30,112.96,1,-1,-1,-1
15,2,930.01,542.12,28.74,26.30,1,-1,-1,-1
15,3,234.98,1067.73,1494.30,115.91,1,-1,-1,-1
15,4,1236.45,532.74,50.76,28.26,1,-1,-1,-1
15,5,956.97,537.59,24.59,18.77,1,-1,-1,-1
15,7,1148.25,531.87,59.41,28.26,1,-1,-1,-1
15,8,1013.80,536.46,31.85,11.89,1,-1,-1,-1
15,14,1148.75,535.56,15.41,22.20,1,-1,-1,-1
16,1,778.40,508.35,151.15,114.79,1,-1,-1,-1
16,2,931.21,543.67,29.92,29.59,1,-1,-1,-1
16,3,230.49,1074.93,1517.67,109.39,1,-1,-1,-1
16,4,1242.15,533.69,41.67,27.09,1,-1,-1,-1
16,5,958.08,538.87,22.53,18.21,1,-1,-1,-1
16,7,1148.29,531.30,59.40,29.52,1,-1,-1,-1
16,8,1009.06,537.13,33.69,11.72,1,-1,-1,-1
16,14,1148.35,536.35,16.23,21.82,1,-1,-1,-1
17,1,780.13,507.30,148.67,115.09,1,-1,-1,-1
17,2,931.16,543.66,30.57,30.94,1,-1,-1,-1
17,3,242.70,1071.17,1506.93,111.78,1,-1,-1,-1
17,4,1242.13,533.97,41.49,27.14,1,-1,-1,-1
17,5,957.62,540.83,23.76,18.95,1,-1,-1,-1
17,7,1149.05,532.68,59.40,30.05,1,-1,-1,-1
17,8,1005.60,538.08,32.02,11.85,1,-1,-1,-1
17,14,1148.81,537.44,15.77,22.71,1,-1,-1,-1
18,1,780.41,504.95,148.26,117.54,1,-1,-1,-1
18,2,930.05,543.23,31.03,32.03,1,-1,-1,-1
18,3,196.08,1068.39,1586.56,115.64,1,-1,-1,-1
18,4,1242.20,533.87,42.29,27.26,1,-1,-1,-1
18,5,957.28,539.63,23.96,18.54,1,-1,-1,-1
18,7,1148.08,531.64,60.06,29.33,1,-1,-1,-1
18,8,1001.93,537.35,31.15,11.44,1,-1,-1,-1
18,14,1148.15,536.55,16.71,22.31,1,-1,-1,-1
18,18,1242.38,528.79,71.96,35.53,1,-1,-1,-1
19,1,779.36,505.86,146.83,117.42,1,-1,-1,-1
19,2,930.05,542.94,29.42,29.71,1,-1,-1,-1
19,3,136.60,1072.80,1575.82,110.76,1,-1,-1,-1
19,4,1241.63,533.89,41.96,27.51,1,-1,-1,-1
19,5,956.32,540.38,25.43,19.02,1,-1,-1,-1
19,7,1149.31,532.10,58.53,28.93,1,-1,-1,-1
19,8,995.41,535.54,37.78,14.05,1,-1,-1,-1
19,14,1148.82,536.91,16.10,22.05,1,-1,-1,-1
19,18,1241.05,527.91,75.92,36.95,1,-1,-1,-1
20,1,775.86,505.73,151.92,118.26,1,-1,-1,-1
20,2,928.92,542.31,30.14,31.12,1,-1,-1,-1
20,3,275.55,1077.91,1456.62,106.55,1,-1,-1,-1
20,4,1240.13,534.44,40.69,26.37,1,-1,-1,-1
20,5,955.92,539.97,25.75,19.05,1,-1,-1,-1
20,7,1149.17,531.77,60.18,30.12,1,-1,-1,-1
20,8,990.13,535.71,40.05,14.66,1,-1,-1,-1
20,14,1148.91,537.32,15.96,22.28,1,-1,-1,-1
20,18,1237.37,530.18,69.25,33.86,1,-1,-1,-1
21,1,777.23,505.09,150.76,118.42,1,-1,-1,-1
21,2,928.02,541.95,30.79,34.37,1,-1,-1,-1
21,3,242.80,1074.28,1459.22,111.57,1,-1,-1,-1
21,4,1240.57,534.09,40.77,27.17,1,-1,-1,-1
21,5,955.93,540.81,24.10,18.94,1,-1,-1,-1
21,7,1149.09,531.90,58.91,30.13,1,-1,-1,-1
21,8,987.13,535.68,42.85,13.72,1,-1,-1,-1
21,14,1148.79,537.15,16.05,22.66,1,-1,-1,-1
21,18,1236.24,529.20,76.56,35.36,1,-1,-1,-1
22,1,776.48,505.30,150.10,118.84,1,-1,-1,-1
22,2,926.91,542.69,31.84,34.24,1,-1,-1,-1
22,3,158.02,1079.60,1649.67,103.29,1,-1,-1,-1
22,4,1240.60,534.31,39.60,26.18,1,-1,-1,-1
22,5,956.39,541.31,22.30,16.56,1,-1,-1,-1
22,7,1149.47,531.48,58.29,30.33,1,-1,-1,-1
22,14,1148.99,536.75,15.93,23.04,1,-1,-1,-1
22,18,1238.66,527.58,78.83,36.51,1,-1,-1,-1
23,1,775.52,504.02,150.24,121.58,1,-1,-1,-1
23,2,927.26,542.45,29.78,34.94,1,-1,-1,-1
23,3,198.45,1078.90,1547.23,102.66,1,-1,-1,-1
23,4,1238.09,534.62,39.13,26.45,1,-1,-1,-1
23,5,956.57,540.86,22.21,16.92,1,-1,-1,-1
23,7,1150.01,532.66,59.17,29.57,1,-1,-1,-1
23,8,979.59,536.08,39.54,15.64,1,-1,-1,-1
23,14,1149.39,537.98,15.27,22.11,1,-1,-1,-1
23,18,1236.59,528.06,78.55,36.19,1,-1,-1,-1
24,1,767.46,502.64,161.48,121.29,1,-1,-1,-1
24,2,927.52,543.36,29.40,35.15,1,-1,-1,-1
24,3,170.25,1080.60,1652.26,101.70,1,-1,-1,-1
24,4,1239.05,534.82,38.32,25.11,1,-1,-1,-1
24,5,953.89,539.85,24.33,17.65,1,-1,-1,-1
24,7,1149.52,533.07,59.36,29.57,1,-1,-1,-1
24,8,979.07,537.23,32.36,15.50,1,-1,-1,-1
24,14,1149.13,537.87,15.59,22.44,1,-1,-1,-1
24,18,1236.87,528.50,80.91,35.48,1,-1,-1,-1
25,1,767.90,506.11,158.85,120.63,1,-1,-1,-1
25,2,927.30,543.30,28.51,34.04,1,-1,-1,-1
25,3,207.96,1079.93,1540.05,105.23,1,-1,-1,-1
25,4,1239.97,534.37,41.67,26.53,1,-1,-1,-1
25,5,953.55,540.75,23.05,18.77,1,-1,-1,-1
25,7,1149.17,532.33,59.38,30.39,1,-1,-1,-1
25,8,976.73,538.15,29.03,16.14,1,-1,-1,-1
25,14,1148.73,537.73,15.97,22.67,1,-1,-1,-1
25,18,1236.92,527.71,81.60,37.06,1,-1,-1,-1
26,1,767.22,504.07,158.08,124.85,1,-1,-1,-1
26,2,924.97,543.46,29.19,34.44,1,-1,-1,-1
26,3,244.16,1091.28,1509.26,91.98,1,-1,-1,-1
26,4,1240.40,535.03,40.33,27.24,1,-1,-1,-1
26,5,951.45,541.20,22.80,21.16,1,-1,-1,-1
26,7,1149.75,532.48,59.72,30.19,1,-1,-1,-1
26,8,975.81,538.49,25.70,15.19,1,-1,-1,-1
26,14,1149.06,537.63,15.60,22.05,1,-1,-1,-1
26,18,1238.12,530.98,69.11,34.05,1,-1,-1,-1
27,1,764.01,504.71,157.08,124.34,1,-1,-1,-1
27,2,924.51,543.56,31.30,34.94,1,-1,-1,-1
27,3,233.01,1087.21,1524.01,94.83,1,-1,-1,-1
27,4,1241.91,535.73,36.62,26.74,1,-1,-1,-1
27,5,952.03,542.17,23.16,17.10,1,-1,-1,-1
27,7,1149.13,533.27,60.40,29.41,1,-1,-1,-1
27,8,971.09,540.69,24.08,16.52,1,-1,-1,-1
27,14,1148.59,537.81,16.09,21.76,1,-1,-1,-1
27,18,1240.54,531.36,71.55,33.94,1,-1,-1,-1
28,1,756.32,503.76,165.30,126.29,1,-1,-1,-1
28,2,923.22,543.85,29.07,35.31,1,-1,-1,-1
28,3,251.43,1085.87,1468.15,100.01,1,-1,-1,-1
28,4,1241.76,536.50,37.19,26.31,1,-1,-1,-1
28,5,950.22,543.06,28.93,19.33,1,-1,-1,-1
28,7,1148.51,535.90,59.74,27.91,1,-1,-1,-1
28,14,1147.42,538.94,17.14,23.37,1,-1,-1,-1
28,18,1240.57,531.71,72.62,35.12,1,-1,-1,-1
29,1,760.02,506.95,152.44,124.47,1,-1,-1,-1
29,2,922.17,544.93,28.70,31.70,1,-1,-1,-1
29,3,174.78,1086.94,1626.05,97.17,1,-1,-1,-1
29,4,1239.38,536.41,41.55,27.31,1,-1,-1,-1
29,5,948.47,542.35,29.15,19.03,1,-1,-1,-1
29,7,1148.73,535.16,59.36,28.48,1,-1,-1,-1
29,14,1147.36,538.76,17.25,23.79,1,-1,-1,-1
29,18,1238.57,531.83,74.08,35.52,1,-1,-1,-1
29,22,906.71,544.71,20.05,48.35,1,-1,-1,-1
30,1,749.08,507.71,160.41,126.46,1,-1,-1,-1
30,2,923.30,544.79,25.74,31.02,1,-1,-1,-1
30,3,257.04,1094.86,1483.74,91.78,1,-1,-1,-1
30,4,1241.44,536.31,40.07,26.04,1,-1,-1,-1
30,5,945.70,541.77,32.51,19.21,1,-1,-1,-1
30,7,1149.28,535.21,58.97,27.88,1,-1,-1,-1
30,14,1147.93,538.61,16.76,22.95,1,-1,-1,-1
30,18,1242.14,529.99,76.80,37.02,1,-1,-1,-1
30,22,904.65,545.53,22.84,49.17,1,-1,-1,-1
30,23,1184.52,537.05,22.59,21.89,1,-1,-1,-1
31,1,745.27,506.09,168.12,132.68,1,-1,-1,-1
31,2,924.45,544.68,25.63,32.18,1,-1,-1,-1
31,3,222.99,1090.09,1487.53,90.45,1,-1,-1,-1
31,4,1240.62,535.87,40.88,27.26,1,-1,-1,-1
31,5,944.84,542.10,32.23,19.00,1,-1,-1,-1
31,7,1149.73,534.63,59.00,28.30,1,-1,-1,-1
31,14,1148.50,538.03,16.34,22.73,1,-1,-1,-1
31,18,1239.29,531.11,76.01,35.94,1,-1,-1,-1
31,22,902.78,545.01,24.13,50.44,1,-1,-1,-1
31,24,999.59,535.72,18.30,11.08,1,-1,-1,-1
32,1,741.34,502.52,172.89,137.15,1,-1,-1,-1
32,2,922.77,544.45,27.16,33.26,1,-1,-1,-1
32,3,175.99,1085.52,1617.39,96.38,1,-1,-1,-1
32,4,1240.36,535.30,41.67,27.49,1,-1,-1,-1
32,5,945.47,541.93,30.04,20.55,1,-1,-1,-1
32,7,1149.48,533.84,59.64,28.51,1,-1,-1,-1
32,14,1148.61,537.92,16.42,21.57,1,-1,-1,-1
32,18,1242.10,528.09,78.19,38.06,1,-1,-1,-1
32,22,901.43,544.37,24.38,50.22,1,-1,-1,-1
32,24,999.66,534.41,19.22,11.29,1,-1,-1,-1
33,1,739.35,505.11,163.03,134.01,1,-1,-1,-1
33,2,923.81,543.86,25.36,33.03,1,-1,-1,-1
33,3,162.77,1082.97,1629.60,99.55,1,-1,-1,-1
33,4,1239.86,535.08,37.44,27.99,1,-1,-1,-1
33,5,944.94,541.60,28.82,20.90,1,-1,-1,-1
33,7,1148.33,535.40,60.62,26.94,1,-1,-1,-1
33,14,1148.46,537.96,16.53,21.20,1,-1,-1,-1
33,18,1239.92,528.36,83.48,37.69,1,-1,-1,-1
33,22,898.16,543.54,27.59,52.39,1,-1,-1,-1
33,23,1185.51,533.98,22.16,22.26,1,-1,-1,-1
33,24,997.43,533.42,21.18,12.23,1,-1,-1,-1
34,1,730.20,502.36,176.50,140.55,1,-1,-1,-1
34,2,924.29,545.04,24.11,30.34,1,-1,-1,-1
34,3,224.51,1083.66,1619.85,103.44,1,-1,-1,-1
34,5,942.22,541.29,28.73,21.43,1,-1,-1,-1
34,7,1149.14,531.90,60.35,30.17,1,-1,-1,-1
34,14,1148.25,537.34,16.95,21.71,1,-1,-1,-1
34,18,1240.43,526.31,82.25,41.10,1,-1,-1,-1
34,22,895.62,541.10,28.52,54.97,1,-1,-1,-1
34,23,1185.10,531.74,23.99,26.54,1,-1,-1,-1
34,24,999.06,532.73,20.70,12.01,1,-1,-1,-1
35,1,724.68,502.65,172.39,137.32,1,-1,-1,-1
35,2,920.91,543.29,24.10,33.46,1,-1,-1,-1
35,3,184.33,1083.77,1618.39,98.73,1,-1,-1,-1
35,5,938.25,541.16,33.09,22.26,1,-1,-1,-1
35,7,1148.39,531.63,61.18,31.06,1,-1,-1,-1
35,14,1148.13,537.35,17.31,22.62,1,-1,-1,-1
35,18,1233.86,527.06,89.96,40.38,1,-1,-1,-1
35,22,894.37,542.15,30.78,51.21,1,-1,-1,-1
36,1,715.69,500.67,183.02,143.95,1,-1,-1,-1
36,2,918.19,543.98,25.53,33.14,1,-1,-1,-1
36,3,195.03,1086.27,1571.94,95.03,1,-1,-1,-1
36,4,1236.33,534.13,42.56,29.69,1,-1,-1,-1
36,5,936.36,541.27,33.58,21.40,1,-1,-1,-1
36,7,1148.05,531.51,62.42,31.15,1,-1,-1,-1
36,14,1147.46,536.89,17.98,22.99,1,-1,-1,-1
36,18,1235.72,528.24,86.23,38.32,1,-1,-1,-1
36,22,891.31,541.89,34.39,52.21,1,-1,-1,-1
36,23,1185.46,531.95,23.68,26.70,1,-1,-1,-1
36,27,987.09,533.07,41.20,14.41,1,-1,-1,-1
37,1,703.98,499.84,197.55,143.46,1,-1,-1,-1
37,2,914.68,543.39,27.47,35.94,1,-1,-1,-1
37,3,193.88,1085.29,1592.39,96.24,1,-1,-1,-1
37,5,933.17,541.42,35.94,21.46,1,-1,-1,-1
37,7,1147.73,533.16,62.33,29.49,1,-1,-1,-1
37,14,1147.36,537.88,17.72,21.70,1,-1,-1,-1
37,18,1241.35,528.01,80.52,39.62,1,-1,-1,-1
37,22,890.02,542.49,32.51,52.38,1,-1,-1,-1
37,23,1185.88,532.83,22.47,25.36,1,-1,-1,-1
37,27,1002.87,533.03,18.16,12.19,1,-1,-1,-1
38,1,699.42,500.41,189.34,150.86,1,-1,-1,-1
38,2,914.73,544.67,28.11,33.14,1,-1,-1,-1
38,3,215.61,1087.82,1522.50,91.21,1,-1,-1,-1
38,4,1240.16,534.95,43.40,28.66,1,-1,-1,-1
38,5,930.17,541.89,39.00,21.85,1,-1,-1,-1
38,7,1147.98,533.17,61.23,29.33,1,-1,-1,-1
38,14,1147.28,537.95,17.91,21.93,1,-1,-1,-1
38,18,1239.79,530.33,78.86,36.94,1,-1,-1,-1
38,22,887.71,543.18,34.89,52.45,1,-1,-1,-1
38,23,1185.90,533.04,21.47,25.44,1,-1,-1,-1
38,27,1001.87,533.42,17.26,12.46,1,-1,-1,-1
39,1,687.47,493.99,200.27,160.61,1,-1,-1,-1
39,2,919.71,542.94,28.22,34.44,1,-1,-1,-1
39,3,219.63,1087.36,1562.88,94.14,1,-1,-1,-1
39,5,929.23,541.03,36.05,22.10,1,-1,-1,-1
39,7,1147.42,531.54,62.27,30.95,1,-1,-1,-1
39,14,1146.84,536.62,18.45,23.41,1,-1,-1,-1
39,18,1236.27,528.63,81.81,37.35,1,-1,-1,-1
39,22,883.66,542.60,36.66,53.06,1,-1,-1,-1
39,27,1002.71,531.91,19.45,12.16,1,-1,-1,-1
40,1,681.28,494.71,201.36,159.36,1,-1,-1,-1
40,2,912.97,541.98,27.85,34.81,1,-1,-1,-1
40,3,213.37,1084.19,1566.46,98.05,1,-1,-1,-1
40,5,933.44,539.69,31.54,20.62,1,-1,-1,-1
40,7,1147.15,531.85,62.76,29.14,1,-1,-1,-1
40,14,1147.53,536.16,17.64,21.81,1,-1,-1,-1
40,18,1238.61,531.96,55.48,31.49,1,-1,-1,-1
40,22,881.86,541.17,39.56,55.87,1,-1,-1,-1
40,27,1003.30,531.14,18.69,12.19,1,-1,-1,-1
41,1,673.94,492.43,205.92,162.86,1,-1,-1,-1
41,2,914.49,541.49,26.74,33.38,1,-1,-1,-1
41,3,248.65,1088.04,1538.45,93.40,1,-1,-1,-1
41,4,1236.65,530.56,56.71,32.38,1,-1,-1,-1
41,5,934.25,538.99,25.32,20.56,1,-1,-1,-1
41,7,1147.25,530.85,61.31,28.50,1,-1,-1,-1
41,14,1147.91,534.94,17.41,22.25,1,-1,-1,-1
41,18,1236.65,530.56,56.71,32.38,1,-1,-1,-1
41,22,878.99,539.79,41.43,57.83,1,-1,-1,-1
41,27,1004.20,528.71,21.51,13.67,1,-1,-1,-1
42,1,663.02,493.48,214.60,163.78,1,-1,-1,-1
42,2,909.73,540.77,30.04,35.46,1,-1,-1,-1
42,3,218.35,1092.97,1503.50,91.79,1,-1,-1,-1
42,4,1235.51,530.41,58.16,32.40,1,-1,-1,-1
42,5,930.63,537.72,34.14,21.65,1,-1,-1,-1
42,7,1146.99,530.73,62.45,29.08,1,-1,-1,-1
42,14,1147.69,534.54,18.03,23.06,1,-1,-1,-1
42,22,873.56,539.55,48.47,58.01,1,-1,-1,-1
42,27,1002.66,528.41,23.56,12.81,1,-1,-1,-1
43,1,651.72,490.22,222.01,172.19,1,-1,-1,-1
43,2,907.95,539.86,29.48,34.00,1,-1,-1,-1
43,3,276.70,1093.98,1445.59,92.58,1,-1,-1,-1
43,4,1237.57,530.30,55.60,32.22,1,-1,-1,-1
43,5,930.43,537.68,31.78,21.78,1,-1,-1,-1
43,7,1146.62,529.98,60.62,29.70,1,-1,-1,-1
43,14,1147.48,534.09,17.69,23.46,1,-1,-1,-1
43,22,868.49,540.11,47.56,57.33,1,-1,-1,-1
43,27,1003.54,528.53,19.73,11.44,1,-1,-1,-1
44,1,642.21,486.25,229.89,179.95,1,-1,-1,-1
44,2,906.42,537.94,32.14,34.84,1,-1,-1,-1
44,3,249.28,1095.66,1494.02,90.51,1,-1,-1,-1
44,4,1239.98,529.28,42.99,32.69,1,-1,-1,-1
44,5,929.79,536.14,32.39,22.20,1,-1,-1,-1
44,7,1147.80,528.02,62.55,30.82,1,-1,-1,-1
44,14,1147.48,533.44,17.32,23.32,1,-1,-1,-1
44,22,867.26,535.78,49.91,63.03,1,-1,-1,-1
44,27,1007.14,528.06,19.32,12.44,1,-1,-1,-1
45,1,620.54,482.26,247.29,187.61,1,-1,-1,-1
45,2,904.31,537.71,31.76,38.07,1,-1,-1,-1
45,3,228.71,1082.32,1556.95,101.03,1,-1,-1,-1
45,4,1240.19,528.97,41.96,32.24,1,-1,-1,-1
45,5,927.95,535.16,33.84,23.75,1,-1,-1,-1
45,7,1146.29,527.29,68.17,32.53,1,-1,-1,-1
45,14,1147.26,532.96,18.13,23.82,1,-1,-1,-1
45,18,1240.67,524.23,76.29,37.95,1,-1,-1,-1
45,22,861.23,535.68,50.74,62.97,1,-1,-1,-1
45,27,1010.56,526.51,17.56,12.86,1,-1,-1,-1
46,1,607.10,478.96,256.36,192.98,1,-1,-1,-1
46,2,900.46,536.87,35.24,38.98,1,-1,-1,-1
46,3,224.20,1088.55,1488.11,90.93,1,-1,-1,-1
46,4,1240.06,528.42,50.99,32.13,1,-1,-1,-1
46,5,926.83,534.89,34.39,23.12,1,-1,-1,-1
46,7,1146.11,527.04,64.81,29.82,1,-1,-1,-1
46,14,1146.45,531.11,18.92,23.34,1,-1,-1,-1
46,18,1240.06,528.42,50.99,32.13,1,-1,-1,-1
46,22,859.84,534.60,52.64,63.05,1,-1,-1,-1
46,27,1009.75,524.38,16.65,13.48,1,-1,-1,-1
47,1,592.63,472.28,256.29,205.72,1,-1,-1,-1
47,2,903.84,537.17,31.40,35.61,1,-1,-1,-1
47,3,227.85,1085.38,1529.25,96.82,1,-1,-1,-1
47,4,1239.93,527.89,40.64,30.56,1,-1,-1,-1
47,5,927.87,532.78,33.18,24.04,1,-1,-1,-1
47,7,1145.32,525.43,65.42,31.68,1,-1,-1,-1
47,18,1240.39,524.68,70.70,35.85,1,-1,-1,-1
47,22,853.70,532.10,56.42,65.82,1,-1,-1,-1
47,27,1012.45,524.06,13.70,13.31,1,-1,-1,-1
48,1,571.75,466.67,276.24,210.27,1,-1,-1,-1
48,2,900.44,535.82,35.41,36.66,1,-1,-1,-1
48,3,229.47,1082.29,1516.69,104.94,1,-1,-1,-1
48,4,1238.88,527.49,43.18,30.61,1,-1,-1,-1
48,5,926.26,531.67,34.50,24.91,1,-1,-1,-1
48,7,1145.24,525.49,66.47,31.75,1,-1,-1,-1
48,18,1238.48,524.17,82.99,36.31,1,-1,-1,-1
48,22,849.23,531.59,59.37,66.81,1,-1,-1,-1
48,27,1011.78,523.41,15.30,11.72,1,-1,-1,-1
49,1,549.56,465.96,296.87,222.63,1,-1,-1,-1
49,2,895.88,536.69,38.33,36.86,1,-1,-1,-1
49,3,241.01,1081.69,1487.47,101.09,1,-1,-1,-1
49,4,1239.06,527.46,43.08,31.08,1,-1,-1,-1
49,5,924.89,532.57,35.98,23.96,1,-1,-1,-1
49,7,1144.92,525.65,66.30,30.96,1,-1,-1,-1
49,18,1240.92,521.90,82.65,38.61,1,-1,-1,-1
49,22,842.28,534.30,64.60,64.50,1,-1,-1,-1
49,27,1012.47,523.72,13.26,13.12,1,-1,-1,-1
50,1,531.48,471.93,308.52,225.65,1,-1,-1,-1
50,2,895.44,539.16,39.40,37.29,1,-1,-1,-1
50,3,225.92,1083.03,1513.09,98.98,1,-1,-1,-1
50,4,1241.62,528.56,42.77,31.54,1,-1,-1,-1
50,5,925.40,534.81,32.36,24.87,1,-1,-1,-1
50,7,1145.21,527.56,63.80,30.92,1,-1,-1,-1
50,18,1241.72,522.64,79.52,38.77,1,-1,-1,-1
50,22,837.92,535.53,68.21,67.11,1,-1,-1,-1
51,1,504.48,467.62,330.39,244.92,1,-1,-1,-1
51,2,894.94,540.11,40.76,37.70,1,-1,-1,-1
51,3,229.01,1078.19,1501.83,108.55,1,-1,-1,-1
51,4,1240.59,529.76,46.53,31.29,1,-1,-1,-1
51,5,924.19,536.33,34.76,23.10,1,-1,-1,-1
51,7,1146.24,528.23,62.16,30.67,1,-1,-1,-1
51,14,1146.77,533.57,18.57,23.82,1,-1,-1,-1
51,22,831.46,535.72,72.35,71.93,1,-1,-1,-1
52,1,476.07,467.72,351.13,245.42,1,-1,-1,-1
52,2,889.56,541.11,43.30,38.50,1,-1,-1,-1
52,3,239.42,1083.06,1496.87,98.55,1,-1,-1,-1
52,4,1237.44,529.16,64.93,33.79,1,-1,-1,-1
52,5,923.38,536.81,32.90,23.38,1,-1,-1,-1
52,7,1146.21,529.29,61.33,30.40,1,-1,-1,-1
52,14,1147.05,533.92,18.16,23.96,1,-1,-1,-1
52,22,823.21,537.97,75.43,73.97,1,-1,-1,-1
53,1,448.93,463.76,361.66,263.43,1,-1,-1,-1
53,2,885.41,541.68,45.89,40.32,1,-1,-1,-1
53,3,228.75,1078.97,1508.11,104.61,1,-1,-1,-1
53,4,1238.69,532.13,47.57,29.43,1,-1,-1,-1
53,5,921.63,537.74,33.93,23.66,1,-1,-1,-1
53,7,1146.88,530.45,60.90,27.89,1,-1,-1,-1
53,14,1147.49,534.52,17.74,22.34,1,-1,-1,-1
53,18,1237.40,527.30,81.40,36.42,1,-1,-1,-1
53,22,814.86,539.66,84.69,75.09,1,-1,-1,-1
54,1,413.58,455.97,400.16,284.33,1,-1,-1,-1
54,2,884.61,542.07,46.98,41.25,1,-1,-1,-1
54,3,230.86,1082.83,1483.60,104.75,1,-1,-1,-1
54,5,921.89,538.61,33.04,23.55,1,-1,-1,-1
54,7,1146.41,530.98,61.93,27.34,1,-1,-1,-1
54,14,1147.02,535.02,18.19,21.02,1,-1,-1,-1
54,18,1236.66,527.79,81.32,36.48,1,-1,-1,-1
54,22,805.69,538.98,88.27,76.07,1,-1,-1,-1
55,1,376.34,454.95,424.64,297.91,1,-1,-1,-1
55,2,880.22,541.91,45.52,41.44,1,-1,-1,-1
55,3,238.51,1083.24,1513.18,99.89,1,-1,-1,-1
55,4,1239.86,532.42,46.28,29.87,1,-1,-1,-1
55,5,918.53,538.68,36.71,24.84,1,-1,-1,-1
55,7,1146.36,530.24,61.39,27.89,1,-1,-1,-1
55,14,1146.49,534.85,18.65,20.79,1,-1,-1,-1
55,18,1237.94,528.23,79.28,35.83,1,-1,-1,-1
55,22,796.04,540.03,96.36,77.01,1,-1,-1,-1
56,1,333.21,450.13,461.63,320.19,1,-1,-1,-1
56,2,877.60,542.63,47.79,42.33,1,-1,-1,-1
56,3,259.17,1075.67,1453.91,107.98,1,-1,-1,-1
56,4,1240.15,532.18,52.42,31.95,1,-1,-1,-1
56,5,918.87,539.58,37.25,25.41,1,-1,-1,-1
56,7,1146.13,531.39,63.27,29.34,1,-1,-1,-1
56,14,1146.24,535.65,18.96,24.31,1,-1,-1,-1
56,18,1240.15,532.18,52.42,31.95,1,-1,-1,-1
56,22,788.45,539.12,102.02,80.95,1,-1,-1,-1
57,1,290.55,449.91,493.74,337.51,1,-1,-1,-1
57,2,875.25,544.15,50.87,43.46,1,-1,-1,-1
57,3,233.01,1080.16,1508.84,103.54,1,-1,-1,-1
57,5,916.82,540.39,38.25,24.47,1,-1,-1,-1
57,7,1146.07,532.97,62.42,27.10,1,-1,-1,-1
57,14,1145.90,536.38,19.18,23.24,1,-1,-1,-1
57,18,1236.94,527.75,88.18,39.95,1,-1,-1,-1
57,22,778.90,539.93,110.96,84.64,1,-1,-1,-1
58,1,241.83,441.30,530.75,358.20,1,-1,-1,-1
58,2,874.26,543.86,51.05,42.58,1,-1,-1,-1
58,3,209.31,1079.89,1544.33,101.84,1,-1,-1,-1
58,5,916.15,540.65,38.82,24.38,1,-1,-1,-1
58,7,1146.53,532.82,61.68,27.06,1,-1,-1,-1
58,14,1146.12,536.64,18.84,22.68,1,-1,-1,-1
58,18,1235.74,526.95,90.76,41.26,1,-1,-1,-1
58,22,770.70,539.61,111.45,86.34,1,-1,-1,-1
59,1,155.33,435.04,605.73,400.52,1,-1,-1,-1
59,2,867.67,544.53,55.55,44.08,1,-1,-1,-1
59,3,225.08,1076.08,1496.96,106.51,1,-1,-1,-1
59,5,914.19,541.13,41.13,23.70,1,-1,-1,-1
59,7,1146.39,533.74,59.32,27.09,1,-1,-1,-1
59,14,1146.31,536.75,18.74,22.71,1,-1,-1,-1
59,18,1239.87,525.72,84.30,41.85,1,-1,-1,-1
59,22,762.73,541.92,122.53,89.81,1,-1,-1,-1
60,1,101.31,435.58,642.62,413.39,1,-1,-1,-1
60,2,867.79,544.90,55.92,45.21,1,-1,-1,-1
60,3,231.00,1074.11,1505.93,108.73,1,-1,-1,-1
60,5,914.16,540.32,38.59,24.41,1,-1,-1,-1
60,7,1146.67,532.92,60.69,27.35,1,-1,-1,-1
60,14,1146.09,536.72,18.99,22.65,1,-1,-1,-1
60,18,1236.74,526.57,91.55,41.05,1,-1,-1,-1
60,22,760.44,540.90,119.37,96.32,1,-1,-1,-1
60,33,1061.68,544.14,15.20,14.49,1,-1,-1,-1
61,1,3.66,421.79,731.76,469.67,1,-1,-1,-1
61,2,866.22,544.72,56.43,46.00,1,-1,-1,-1
61,3,237.22,1075.47,1519.07,110.02,1,-1,-1,-1
61,5,911.45,541.05,40.42,22.66,1,-1,-1,-1
61,7,1146.33,532.62,61.07,27.30,1,-1,-1,-1
61,14,1145.86,536.47,19.06,22.81,1,-1,-1,-1
61,18,1235.76,528.64,86.78,38.85,1,-1,-1,-1
61,22,753.88,541.60,124.62,98.48,1,-1,-1,-1
62,1,6.55,401.88,701.94,514.79,1,-1,-1,-1
62,2,861.79,544.84,57.84,46.27,1,-1,-1,-1
62,3,236.41,1078.41,1376.61,106.71,1,-1,-1,-1
62,5,912.10,540.85,41.32,25.18,1,-1,-1,-1
62,7,1146.27,533.31,61.52,26.82,1,-1,-1,-1
62,14,1145.80,536.54,19.30,22.97,1,-1,-1,-1
62,18,1236.92,525.93,90.32,42.07,1,-1,-1,-1
62,22,745.32,541.42,132.45,100.63,1,-1,-1,-1
63,1,3.14,385.91,670.37,578.66,1,-1,-1,-1
63,2,858.55,546.35,60.76,46.41,1,-1,-1,-1
63,3,192.07,1072.48,1629.07,111.75,1,-1,-1,-1
63,5,910.77,541.62,39.62,26.42,1,-1,-1,-1
63,7,1146.09,532.66,60.75,27.07,1,-1,-1,-1
63,14,1145.71,536.47,19.46,22.73,1,-1,-1,-1
63,18,1238.00,530.44,72.46,36.08,1,-1,-1,-1
63,22,736.98,543.88,134.71,96.67,1,-1,-1,-1
64,1,9.38,368.52,655.62,681.56,1,-1,-1,-1
64,2,853.00,545.26,65.45,48.72,1,-1,-1,-1
64,3,224.83,1087.40,1501.22,96.85,1,-1,-1,-1
64,5,908.45,540.82,44.20,27.41,1,-1,-1,-1
64,7,1146.18,533.05,62.44,26.31,1,-1,-1,-1
64,14,1145.68,536.28,19.50,22.46,1,-1,-1,-1
64,18,1237.58,531.17,67.31,34.83,1,-1,-1,-1
64,22,726.90,544.00,140.28,101.01,1,-1,-1,-1
65,1,0.00,364.78,623.81,784.74,1,-1,-1,-1
65,2,850.52,546.25,66.07,47.13,1,-1,-1,-1
65,3,244.44,1081.87,1397.27,106.92,1,-1,-1,-1
65,4,1240.15,533.66,45.24,28.72,1,-1,-1,-1
65,5,908.16,541.42,45.48,26.56,1,-1,-1,-1
65,7,1146.38,532.86,61.16,27.03,1,-1,-1,-1
65,14,1145.88,536.49,19.53,22.66,1,-1,-1,-1
65,18,1239.06,529.58,77.82,36.62,1,-1,-1,-1
65,22,715.47,543.47,150.72,105.74,1,-1,-1,-1
66,1,0.00,343.10,586.53,597.01,1,-1,-1,-1
66,2,846.19,545.36,70.84,49.57,1,-1,-1,-1
66,3,147.41,1075.04,1664.42,111.52,1,-1,-1,-1
66,5,906.91,540.95,45.69,25.90,1,-1,-1,-1
66,7,1146.36,532.82,60.64,26.74,1,-1,-1,-1
66,14,1145.78,536.33,19.33,22.12,1,-1,-1,-1
66,18,1238.11,528.06,87.15,38.96,1,-1,-1,-1
66,22,711.60,543.80,154.16,112.93,1,-1,-1,-1
67,1,18.20,332.68,514.96,594.40,1,-1,-1,-1
67,2,843.04,545.62,70.46,49.54,1,-1,-1,-1
67,3,271.62,1068.98,1479.52,116.43,1,-1,-1,-1
67,5,904.94,540.91,48.96,27.83,1,-1,-1,-1
67,7,1146.33,532.59,60.76,26.55,1,-1,-1,-1
67,14,1146.02,536.38,19.30,22.68,1,-1,-1,-1
67,18,1238.80,531.11,71.14,34.50,1,-1,-1,-1
67,22,696.08,541.31,161.36,119.60,1,-1,-1,-1
68,1,2.30,327.37,497.42,673.51,1,-1,-1,-1
68,2,839.80,545.27,71.98,52.26,1,-1,-1,-1
68,3,218.11,1073.06,1506.43,110.89,1,-1,-1,-1
68,5,904.14,541.93,44.66,28.58,1,-1,-1,-1
68,7,1146.07,532.53,61.85,26.78,1,-1,-1,-1
68,14,1145.93,536.30,19.31,22.81,1,-1,-1,-1
68,18,1238.36,530.23,73.64,36.07,1,-1,-1,-1
68,22,687.33,544.30,163.95,121.47,1,-1,-1,-1
69,1,0.39,349.68,438.87,732.48,1,-1,-1,-1
69,2,833.08,544.87,78.22,55.20,1,-1,-1,-1
69,3,211.30,1078.91,1584.39,104.65,1,-1,-1,-1
69,5,903.01,541.47,45.42,30.46,1,-1,-1,-1
69,7,1145.34,532.62,60.29,26.91,1,-1,-1,-1
69,14,1145.58,536.01,19.54,22.74,1,-1,-1,-1
69,18,1239.75,531.93,66.66,33.09,1,-1,-1,-1
69,22,671.88,542.07,174.57,131.32,1,-1,-1,-1
70,1,0.00,291.44,346.26,865.68,1,-1,-1,-1
70,2,827.80,546.02,82.10,55.23,1,-1,-1,-1
70,3,203.43,1090.02,1569.95,88.62,1,-1,-1,-1
70,5,900.90,541.48,45.09,29.89,1,-1,-1,-1
70,7,1145.61,532.15,60.00,27.07,1,-1,-1,-1
70,14,1145.73,535.93,19.55,22.52,1,-1,-1,-1
70,18,1238.64,530.28,78.94,35.69,1,-1,-1,-1
70,22,658.11,542.59,179.50,135.87,1,-1,-1,-1
70,43,927.68,541.40,23.63,24.13,1,-1,-1,-1
71,2,826.00,545.05,82.43,56.51,1,-1,-1,-1
71,3,256.22,1092.62,1474.92,87.63,1,-1,-1,-1
71,5,900.28,541.13,47.88,31.58,1,-1,-1,-1
71,7,1145.07,531.69,63.53,28.36,1,-1,-1,-1
71,14,1145.46,535.97,19.91,22.95,1,-1,-1,-1
71,18,1240.26,531.16,69.26,33.22,1,-1,-1,-1
71,22,645.41,542.52,188.66,140.58,1,-1,-1,-1
71,39,486.07,554.79,174.87,110.38,1,-1,-1,-1
72,2,819.44,542.78,87.47,62.02,1,-1,-1,-1
72,3,242.20,1082.37,1389.43,105.19,1,-1,-1,-1
72,4,1240.27,533.05,42.45,27.52,1,-1,-1,-1
72,5,898.95,540.55,48.26,31.05,1,-1,-1,-1
72,7,1145.32,530.81,63.79,28.35,1,-1,-1,-1
72,14,1145.70,535.63,19.74,21.99,1,-1,-1,-1
72,18,1240.26,530.29,72.97,33.09,1,-1,-1,-1
72,22,617.18,544.83,204.55,142.85,1,-1,-1,-1
72,39,464.01,552.31,181.03,117.60,1,-1,-1,-1
73,2,818.56,544.45,88.04,61.53,1,-1,-1,-1
73,3,195.21,1079.24,1568.43,106.35,1,-1,-1,-1
73,4,1239.64,532.71,47.76,29.47,1,-1,-1,-1
73,5,897.28,540.37,49.90,30.60,1,-1,-1,-1
73,7,1145.62,530.39,60.89,28.88,1,-1,-1,-1
73,14,1145.60,535.47,19.67,21.67,1,-1,-1,-1
73,18,1239.37,528.45,84.00,36.94,1,-1,-1,-1
73,22,597.56,543.29,220.28,151.73,1,-1,-1,-1
73,39,443.46,553.84,183.25,118.27,1,-1,-1,-1
74,2,815.24,543.97,90.26,63.82,1,-1,-1,-1
74,3,164.17,1082.09,1620.00,102.31,1,-1,-1,-1
74,4,1238.61,531.88,59.11,30.62,1,-1,-1,-1
74,5,896.03,540.33,50.45,31.19,1,-1,-1,-1
74,7,1145.51,530.36,60.91,28.86,1,-1,-1,-1
74,14,1145.73,535.39,19.79,21.91,1,-1,-1,-1
74,18,1238.61,531.88,59.11,30.62,1,-1,-1,-1
74,22,572.73,539.56,231.40,170.07,1,-1,-1,-1
74,39,421.26,552.69,192.11,123.83,1,-1,-1,-1
75,2,812.95,543.78,89.79,64.83,1,-1,-1,-1
75,3,234.88,1078.89,1513.77,108.53,1,-1,-1,-1
75,4,1239.48,528.75,74.78,34.73,1,-1,-1,-1
75,5,892.81,540.80,49.85,32.53,1,-1,-1,-1
75,7,1145.42,529.58,61.19,29.08,1,-1,-1,-1
75,14,1145.53,535.06,19.67,21.79,1,-1,-1,-1
75,18,1239.48,528.75,74.78,34.73,1,-1,-1,-1
75,22,549.49,541.10,244.95,174.86,1,-1,-1,-1
75,39,395.80,553.07,201.40,123.62,1,-1,-1,-1
76,2,805.30,544.55,94.77,67.15,1,-1,-1,-1
76,3,236.60,1080.57,1533.18,105.74,1,-1,-1,-1
76,5,891.05,540.71,52.17,32.51,1,-1,-1,-1
76,7,1145.58,530.72,62.60,28.65,1,-1,-1,-1
76,14,1145.72,535.31,19.84,22.26,1,-1,-1,-1
76,18,1239.17,529.86,77.02,34.64,1,-1,-1,-1
76,22,516.17,540.49,266.65,188.76,1,-1,-1,-1
76,39,371.43,553.50,207.13,124.63,1,-1,-1,-1
77,2,799.70,545.38,98.77,67.60,1,-1,-1,-1
77,3,213.83,1082.73,1574.17,101.95,1,-1,-1,-1
77,4,1238.76,531.73,53.45,30.27,1,-1,-1,-1
77,5,888.45,539.94,53.61,32.09,1,-1,-1,-1
77,7,1145.40,530.07,61.70,28.77,1,-1,-1,-1
77,14,1146.07,534.63,19.32,22.40,1,-1,-1,-1
77,18,1238.76,531.73,53.45,30.27,1,-1,-1,-1
77,22,476.64,538.35,298.35,201.34,1,-1,-1,-1
77,39,338.72,554.18,214.77,128.19,1,-1,-1,-1
77,45,927.28,541.80,20.46,21.16,1,-1,-1,-1
78,2,797.35,545.67,100.91,67.57,1,-1,-1,-1
78,3,203.31,1083.56,1589.96,100.03,1,-1,-1,-1
78,4,1241.14,532.98,40.08,27.21,1,-1,-1,-1
78,5,886.10,541.51,48.91,32.11,1,-1,-1,-1
78,7,1145.62,530.16,61.22,28.59,1,-1,-1,-1
78,14,1146.02,534.84,19.67,22.76,1,-1,-1,-1
78,18,1243.66,527.07,76.42,36.04,1,-1,-1,-1
78,22,454.13,542.26,303.77,205.65,1,-1,-1,-1
78,39,315.29,553.84,224.59,132.00,1,-1,-1,-1
78,45,925.68,540.74,22.11,21.93,1,-1,-1,-1
79,2,789.10,545.52,109.66,69.12,1,-1,-1,-1
79,3,257.13,1077.08,1552.46,107.14,1,-1,-1,-1
79,4,1238.58,532.86,42.45,27.94,1,-1,-1,-1
79,5,883.10,541.26,47.46,30.92,1,-1,-1,-1
79,7,1145.50,530.20,61.53,29.00,1,-1,-1,-1
79,14,1145.83,534.71,20.00,23.93,1,-1,-1,-1
79,18,1239.46,529.44,71.88,33.86,1,-1,-1,-1
79,22,390.74,542.82,348.47,225.12,1,-1,-1,-1
79,39,263.40,556.21,231.45,136.48,1,-1,-1,-1
79,43,904.77,539.40,38.35,27.45,1,-1,-1,-1
79,45,922.33,540.50,24.75,22.21,1,-1,-1,-1
80,2,781.63,545.27,113.81,67.70,1,-1,-1,-1
80,3,257.29,1081.53,1544.28,106.66,1,-1,-1,-1
80,4,1238.51,531.60,53.73,30.36,1,-1,-1,-1
80,5,882.85,541.80,41.83,30.75,1,-1,-1,-1
80,7,1145.94,530.01,59.54,28.01,1,-1,-1,-1
80,14,1146.32,534.42,19.44,21.92,1,-1,-1,-1
80,18,1238.51,531.60,53.73,30.36,1,-1,-1,-1
80,22,325.88,539.65,391.94,257.40,1,-1,-1,-1
80,39,224.12,555.39,228.48,140.39,1,-1,-1,-1
80,43,891.38,539.11,51.05,27.25,1,-1,-1,-1
80,45,920.52,539.66,25.22,24.76,1,-1,-1,-1
81,2,779.17,546.49,113.78,67.37,1,-1,-1,-1
81,3,235.46,1069.68,1549.76,114.80,1,-1,-1,-1
81,4,1239.34,531.56,53.23,30.03,1,-1,-1,-1
81,5,879.85,540.13,44.46,33.31,1,-1,-1,-1
81,7,1145.91,530.31,59.13,27.69,1,-1,-1,-1
81,14,1146.70,534.52,18.74,21.65,1,-1,-1,-1
81,22,256.44,548.68,446.20,277.31,1,-1,-1,-1
81,39,181.50,556.75,237.52,147.05,1,-1,-1,-1
81,45,919.85,539.54,25.32,25.73,1,-1,-1,-1
82,2,772.93,543.62,117.70,76.69,1,-1,-1,-1
82,3,198.05,1065.94,1596.23,119.83,1,-1,-1,-1
82,4,1240.15,531.49,56.77,32.28,1,-1,-1,-1
82,5,876.79,541.76,46.75,33.21,1,-1,-1,-1
82,7,1145.65,530.70,60.26,29.38,1,-1,-1,-1
82,14,1145.87,534.89,19.87,24.05,1,-1,-1,-1
82,22,168.71,547.31,506.96,316.72,1,-1,-1,-1
82,33,1059.49,543.10,18.59,15.70,1,-1,-1,-1
82,39,137.88,559.53,229.59,138.08,1,-1,-1,-1
82,45,919.20,540.11,26.13,25.62,1,-1,-1,-1
83,2,769.43,542.34,118.17,80.20,1,-1,-1,-1
83,3,201.66,1070.66,1560.53,113.47,1,-1,-1,-1
83,4,1238.83,531.60,52.71,29.80,1,-1,-1,-1
83,5,871.33,541.12,49.56,36.81,1,-1,-1,-1
83,7,1145.70,529.87,59.89,27.94,1,-1,-1,-1
83,14,1146.19,534.50,19.53,21.57,1,-1,-1,-1
83,22,59.26,545.85,575.11,362.88,1,-1,-1,-1
83,33,1059.85,542.78,18.52,16.08,1,-1,-1,-1
83,45,918.32,541.47,26.75,24.64,1,-1,-1,-1
84,2,760.23,544.72,123.92,79.53,1,-1,-1,-1
84,3,176.18,1070.13,1568.76,114.23,1,-1,-1,-1
84,4,1238.65,532.00,55.68,30.24,1,-1,-1,-1
84,5,871.43,540.94,48.18,36.51,1,-1,-1,-1
84,7,1145.51,530.20,60.56,28.72,1,-1,-1,-1
84,14,1146.04,534.40,19.90,23.11,1,-1,-1,-1
84,22,5.49,549.66,591.87,410.71,1,-1,-1,-1
84,33,1059.15,542.89,19.21,15.77,1,-1,-1,-1
84,45,918.38,540.99,25.98,24.90,1,-1,-1,-1
85,2,753.32,547.26,124.53,78.67,1,-1,-1,-1
85,3,154.71,1071.82,1593.98,111.20,1,-1,-1,-1
85,4,1240.12,531.22,66.52,32.41,1,-1,-1,-1
85,5,871.69,541.35,46.13,36.03,1,-1,-1,-1
85,7,1145.83,530.93,59.91,28.63,1,-1,-1,-1
85,14,1145.99,534.91,19.84,23.45,1,-1,-1,-1
85,18,1240.12,531.22,66.52,32.41,1,-1,-1,-1
85,22,6.71,551.45,539.99,485.76,1,-1,-1,-1
85,33,1059.16,543.23,18.57,15.45,1,-1,-1,-1
85,45,914.05,539.34,30.00,26.30,1,-1,-1,-1
85,48,993.14,533.12,19.40,9.84,1,-1,-1,-1
86,1,2.34,548.44,478.95,579.47,1,-1,-1,-1
86,2,750.97,548.30,125.28,79.52,1,-1,-1,-1
86,3,208.29,1076.83,1560.46,105.74,1,-1,-1,-1
86,5,869.99,541.39,48.08,37.43,1,-1,-1,-1
86,7,1145.66,530.22,60.53,28.34,1,-1,-1,-1
86,14,1145.81,534.70,19.98,22.41,1,-1,-1,-1
86,18,1239.96,532.00,63.06,30.75,1,-1,-1,-1
86,22,2.34,548.44,478.95,579.47,1,-1,-1,-1
86,33,1058.87,543.34,18.69,15.59,1,-1,-1,-1
86,45,916.07,539.90,27.62,26.40,1,-1,-1,-1
86,48,992.32,533.01,20.07,9.94,1,-1,-1,-1
87,1,8.68,542.37,400.16,566.93,1,-1,-1,-1
87,2,745.45,548.43,125.50,83.14,1,-1,-1,-1
87,3,185.39,1067.78,1571.72,114.70,1,-1,-1,-1
87,5,865.81,541.97,49.50,37.60,1,-1,-1,-1
87,7,1145.83,530.44,60.14,28.60,1,-1,-1,-1
87,14,1146.00,534.76,19.88,22.88,1,-1,-1,-1
87,18,1238.22,532.19,58.30,30.51,1,-1,-1,-1
87,33,1058.21,543.12,19.03,15.76,1,-1,-1,-1
87,45,914.77,540.96,28.56,25.04,1,-1,-1,-1
87,48,993.80,533.62,19.07,9.42,1,-1,-1,-1
88,1,4.81,561.84,307.45,529.71,1,-1,-1,-1
88,2,736.64,547.34,137.02,88.47,1,-1,-1,-1
88,3,183.80,1067.96,1522.07,113.79,1,-1,-1,-1
88,5,861.84,541.19,52.48,38.86,1,-1,-1,-1
88,7,1145.49,530.81,60.66,28.59,1,-1,-1,-1
88,14,1146.10,534.67,19.90,24.12,1,-1,-1,-1
88,18,1240.68,531.24,70.09,32.38,1,-1,-1,-1
88,45,913.43,540.82,28.37,26.07,1,-1,-1,-1
88,48,995.46,532.51,19.92,10.09,1,-1,-1,-1
89,1,5.63,593.80,175.30,548.36,1,-1,-1,-1
89,2,728.12,548.67,139.45,86.46,1,-1,-1,-1
89,3,148.92,1066.16,1585.15,115.20,1,-1,-1,-1
89,4,1239.59,531.91,50.74,29.52,1,-1,-1,-1
89,5,858.84,540.73,56.33,41.41,1,-1,-1,-1
89,7,1145.46,529.80,60.40,27.80,1,-1,-1,-1
89,14,1145.86,534.30,20.11,21.46,1,-1,-1,-1
89,18,1239.59,531.91,50.74,29.52,1,-1,-1,-1
89,33,1058.73,542.30,19.55,16.53,1,-1,-1,-1
89,45,912.30,540.16,29.85,24.79,1,-1,-1,-1
89,48,990.66,531.90,24.70,10.44,1,-1,-1,-1
90,2,714.40,549.52,151.51,91.56,1,-1,-1,-1
90,4,1239.78,532.23,50.87,29.37,1,-1,-1,-1
90,5,855.72,540.86,57.22,42.58,1,-1,-1,-1
90,7,1145.40,530.38,60.34,28.04,1,-1,-1,-1
90,14,1145.94,534.42,19.83,22.38,1,-1,-1,-1
90,39,0.00,565.60,214.86,152.01,1,-1,-1,-1
90,45,907.92,539.43,34.00,27.19,1,-1,-1,-1
90,48,992.33,532.08,21.76,10.27,1,-1,-1,-1
91,2,707.92,549.47,156.14,95.32,1,-1,-1,-1
91,4,1241.24,532.74,41.65,27.84,1,-1,-1,-1
91,5,855.92,541.62,55.74,42.10,1,-1,-1,-1
91,7,1145.46,530.42,60.54,27.61,1,-1,-1,-1
91,14,1146.38,534.70,19.30,22.34,1,-1,-1,-1
91,39,1.46,563.84,163.23,155.07,1,-1,-1,-1
91,45,909.32,539.70,31.94,26.32,1,-1,-1,-1
92,2,698.74,549.41,159.14,97.62,1,-1,-1,-1
92,4,1241.35,532.02,42.67,28.80,1,-1,-1,-1
92,5,852.19,542.19,56.32,41.78,1,-1,-1,-1
92,7,1145.62,530.14,59.65,27.60,1,-1,-1,-1
92,14,1145.90,534.28,19.83,22.28,1,-1,-1,-1
92,39,0.00,570.44,117.22,148.98,1,-1,-1,-1
92,45,905.57,539.93,34.74,25.79,1,-1,-1,-1
93,2,691.14,549.64,164.28,103.82,1,-1,-1,-1
93,4,1239.65,531.92,50.66,29.87,1,-1,-1,-1
93,5,850.54,546.02,59.17,40.11,1,-1,-1,-1
93,7,1145.57,530.20,60.77,28.00,1,-1,-1,-1
93,14,1146.21,534.41,19.63,22.14,1,-1,-1,-1
93,33,1058.14,542.27,20.34,16.38,1,-1,-1,-1
93,45,905.27,540.68,35.24,26.84,1,-1,-1,-1
94,2,676.46,549.39,169.92,107.51,1,-1,-1,-1
94,4,1239.14,532.32,51.18,29.31,1,-1,-1,-1
94,5,846.32,549.27,58.60,39.55,1,-1,-1,-1
94,7,1145.59,530.07,61.06,28.43,1,-1,-1,-1
94,14,1146.49,534.74,19.20,22.49,1,-1,-1,-1
94,33,1058.55,542.17,20.81,16.75,1,-1,-1,-1
94,45,903.46,540.52,36.51,27.73,1,-1,-1,-1
95,2,664.70,549.72,177.61,111.35,1,-1,-1,-1
95,4,1242.46,531.91,39.09,27.27,1,-1,-1,-1
95,5,840.56,538.85,66.07,52.38,1,-1,-1,-1
95,7,1145.62,529.55,60.42,28.17,1,-1,-1,-1
95,14,1145.95,534.10,19.65,22.35,1,-1,-1,-1
95,33,1057.56,541.85,21.36,16.62,1,-1,-1,-1
95,45,904.36,540.16,35.79,27.59,1,-1,-1,-1
96,2,641.40,550.67,195.65,116.48,1,-1,-1,-1
96,4,1239.77,532.63,50.32,28.97,1,-1,-1,-1
96,5,838.12,548.19,65.43,43.66,1,-1,-1,-1
96,7,1145.66,530.06,61.64,28.69,1,-1,-1,-1
96,14,1146.05,534.46,19.71,22.58,1,-1,-1,-1
96,33,1057.73,542.57,20.56,16.29,1,-1,-1,-1
96,45,903.15,540.94,34.89,26.24,1,-1,-1,-1
97,2,631.74,550.12,201.73,126.61,1,-1,-1,-1
97,4,1242.54,532.59,46.44,29.60,1,-1,-1,-1
97,5,836.23,541.01,66.19,51.81,1,-1,-1,-1
97,7,1145.97,531.59,60.16,27.51,1,-1,-1,-1
97,14,1145.96,535.25,20.16,23.36,1,-1,-1,-1
97,33,1059.00,543.11,19.04,15.93,1,-1,-1,-1
97,45,902.58,542.00,35.42,27.38,1,-1,-1,-1
98,2,619.13,551.50,209.06,127.92,1,-1,-1,-1
98,4,1242.06,532.76,46.50,29.79,1,-1,-1,-1
98,5,831.94,541.35,68.79,53.19,1,-1,-1,-1
98,7,1146.01,531.57,59.20,27.53,1,-1,-1,-1
98,14,1145.92,535.37,20.12,23.18,1,-1,-1,-1
98,33,1058.51,542.81,19.71,16.26,1,-1,-1,-1
98,45,898.51,542.66,39.90,29.36,1,-1,-1,-1
99,2,593.04,553.98,225.03,132.70,1,-1,-1,-1
99,4,1239.97,533.03,50.17,28.79,1,-1,-1,-1
99,5,829.20,547.71,67.54,48.92,1,-1,-1,-1
99,7,1145.38,530.32,60.93,28.88,1,-1,-1,-1
99,14,1145.57,534.75,20.28,23.18,1,-1,-1,-1
99,33,1058.39,543.18,18.80,15.76,1,-1,-1,-1
99,45,897.04,541.12,41.01,30.72,1,-1,-1,-1
100,2,569.02,556.87,236.53,139.72,1,-1,-1,-1
100,3,76.89,1063.01,1681.29,118.83,1,-1,-1,-1
100,4,1239.25,533.20,51.14,28.90,1,-1,-1,-1
100,5,825.21,539.46,71.02,58.10,1,-1,-1,-1
100,7,1145.85,530.64,59.51,28.57,1,-1,-1,-1
100,14,1145.81,534.93,20.05,22.80,1,-1,-1,-1
100,33,1057.47,543.01,19.74,15.75,1,-1,-1,-1
100,45,896.56,540.69,41.30,32.09,1,-1,-1,-1
101,2,544.35,556.49,254.35,150.44,1,-1,-1,-1
101,3,169.45,1064.14,1610.31,117.44,1,-1,-1,-1
101,4,1243.35,533.05,34.88,26.17,1,-1,-1,-1
101,5,821.54,538.62,76.22,61.85,1,-1,-1,-1
101,7,1145.74,530.71,60.61,28.42,1,-1,-1,-1
101,14,1145.75,535.05,20.14,22.59,1,-1,-1,-1
101,18,1241.59,531.94,63.33,31.55,1,-1,-1,-1
101,45,894.20,541.57,41.84,30.02,1,-1,-1,-1
102,2,511.81,557.35,276.53,159.56,1,-1,-1,-1
102,3,98.16,1063.03,1685.00,119.10,1,-1,-1,-1
102,4,1239.88,532.90,51.99,29.02,1,-1,-1,-1
102,5,819.28,540.05,76.70,61.39,1,-1,-1,-1
102,7,1145.72,531.41,60.20,27.50,1,-1,-1,-1
102,14,1145.89,535.17,20.12,23.30,1,-1,-1,-1
102,18,1239.88,532.90,51.99,29.02,1,-1,-1,-1
102,45,892.77,541.96,42.61,30.97,1,-1,-1,-1
103,2,480.45,556.02,294.56,173.41,1,-1,-1,-1
103,3,211.35,1073.64,1647.23,107.59,1,-1,-1,-1
103,4,1239.48,532.93,55.56,29.45,1,-1,-1,-1
103,5,816.86,539.45,77.61,62.80,1,-1,-1,-1
103,7,1145.94,530.62,59.89,28.30,1,-1,-1,-1
103,14,1145.89,534.87,19.92,22.62,1,-1,-1,-1
103,33,1058.62,542.93,19.27,16.09,1,-1,-1,-1
103,45,891.40,540.99,42.12,31.26,1,-1,-1,-1
104,2,440.21,556.87,325.43,189.76,1,-1,-1,-1
104,3,125.66,1080.91,1692.99,101.30,1,-1,-1,-1
104,4,1238.21,532.13,56.26,30.70,1,-1,-1,-1
104,5,811.19,538.61,80.37,66.30,1,-1,-1,-1
104,7,1145.55,530.32,60.83,28.52,1,-1,-1,-1
104,14,1146.03,534.62,19.75,22.43,1,-1,-1,-1
104,33,1058.13,542.48,20.74,16.55,1,-1,-1,-1
104,45,890.82,541.25,42.84,30.71,1,-1,-1,-1
105,2,395.18,558.63,353.20,200.75,1,-1,-1,-1
105,3,175.12,1076.90,1677.76,105.32,1,-1,-1,-1
105,4,1241.32,531.02,68.15,33.11,1,-1,-1,-1
105,5,807.85,539.70,85.39,66.32,1,-1,-1,-1
105,7,1145.98,531.07,59.92,27.38,1,-1,-1,-1
105,14,1145.64,535.24,20.29,22.10,1,-1,-1,-1
105,18,1241.32,531.02,68.15,33.11,1,-1,-1,-1
105,33,1058.34,542.74,20.33,16.29,1,-1,-1,-1
105,45,889.80,541.73,44.67,32.70,1,-1,-1,-1
106,2,348.21,563.12,380.07,214.41,1,-1,-1,-1
106,3,123.71,1082.41,1783.49,104.53,1,-1,-1,-1
106,4,1238.73,532.55,51.22,30.26,1,-1,-1,-1
106,5,804.34,541.52,83.69,67.45,1,-1,-1,-1
106,7,1146.02,530.81,60.09,28.68,1,-1,-1,-1
106,14,1145.95,534.84,19.75,23.34,1,-1,-1,-1
106,18,1238.73,532.55,51.22,30.26,1,-1,-1,-1
106,33,1058.59,542.63,19.38,16.40,1,-1,-1,-1
106,45,889.87,541.11,42.11,31.32,1,-1,-1,-1
107,2,279.48,564.73,428.76,236.63,1,-1,-1,-1
107,3,196.48,1054.63,1555.44,122.23,1,-1,-1,-1
107,4,1238.72,532.07,52.98,30.76,1,-1,-1,-1
107,5,800.38,541.47,82.99,67.17,1,-1,-1,-1
107,7,1145.66,530.09,60.78,28.70,1,-1,-1,-1
107,14,1145.93,534.65,19.82,22.51,1,-1,-1,-1
107,33,1058.69,542.55,19.67,16.33,1,-1,-1,-1
107,45,886.71,541.41,44.24,31.93,1,-1,-1,-1
108,2,198.72,568.12,495.70,264.62,1,-1,-1,-1
108,3,174.30,1062.19,1572.50,118.52,1,-1,-1,-1
108,4,1241.50,532.05,51.46,30.60,1,-1,-1,-1
108,5,796.30,541.54,88.77,70.07,1,-1,-1,-1
108,7,1145.80,531.37,62.20,27.41,1,-1,-1,-1
108,14,1145.74,535.25,20.18,22.45,1,-1,-1,-1
108,33,1058.67,543.03,19.13,15.99,1,-1,-1,-1
108,45,885.27,541.60,43.33,31.17,1,-1,-1,-1
109,2,98.73,568.32,573.95,300.31,1,-1,-1,-1
109,3,143.00,1056.48,1599.15,118.55,1,-1,-1,-1
109,4,1241.86,531.83,50.76,31.19,1,-1,-1,-1
109,5,792.23,539.75,88.49,73.09,1,-1,-1,-1
109,7,1146.02,531.08,59.25,28.17,1,-1,-1,-1
109,14,1145.89,535.20,19.90,22.79,1,-1,-1,-1
109,45,880.78,541.61,48.39,32.21,1,-1,-1,-1
110,2,23.43,571.95,622.60,335.50,1,-1,-1,-1
110,4,1239.02,531.41,52.96,31.32,1,-1,-1,-1
110,5,782.78,541.51,98.43,72.27,1,-1,-1,-1
110,7,1145.29,530.29,61.65,28.10,1,-1,-1,-1
110,14,1146.14,534.77,19.51,22.54,1,-1,-1,-1
110,45,879.98,540.97,47.86,32.23,1,-1,-1,-1
111,2,6.25,575.96,596.95,394.05,1,-1,-1,-1
111,4,1241.86,532.46,48.04,28.98,1,-1,-1,-1
111,5,778.43,539.82,97.93,76.74,1,-1,-1,-1
111,7,1145.94,530.50,60.78,28.62,1,-1,-1,-1
111,14,1145.58,535.30,20.17,22.53,1,-1,-1,-1
111,18,1242.76,527.89,81.25,37.86,1,-1,-1,-1
111,22,6.25,575.96,596.95,394.05,1,-1,-1,-1
111,33,1058.10,543.33,18.76,15.60,1,-1,-1,-1
111,45,878.12,542.90,47.21,30.02,1,-1,-1,-1
112,4,1240.98,532.67,44.34,28.46,1,-1,-1,-1
112,7,1145.63,530.45,60.24,28.66,1,-1,-1,-1
112,14,1145.60,535.16,20.12,22.79,1,-1,-1,-1
112,18,1242.86,525.53,82.29,39.17,1,-1,-1,-1
112,22,6.41,577.56,546.97,454.54,1,-1,-1,-1
112,45,878.14,540.41,47.76,32.89,1,-1,-1,-1
113,1,6.28,581.42,492.46,535.75,1,-1,-1,-1
113,4,1242.34,532.74,35.86,25.40,1,-1,-1,-1
113,7,1145.32,530.29,61.15,28.80,1,-1,-1,-1
113,14,1145.75,534.54,20.06,23.16,1,-1,-1,-1
113,18,1240.67,531.45,61.22,31.15,1,-1,-1,-1
113,22,6.28,581.42,492.46,535.75,1,-1,-1,-1
113,45,875.91,540.54,50.99,33.47,1,-1,-1,-1
114,1,4.52,590.91,454.85,490.35,1,-1,-1,-1
114,4,1240.68,532.88,43.65,28.09,1,-1,-1,-1
114,5,757.66,538.20,116.71,85.41,1,-1,-1,-1
114,7,1145.97,531.20,59.02,28.19,1,-1,-1,-1
114,14,1145.79,535.21,19.95,22.86,1,-1,-1,-1
114,18,1240.55,530.00,80.58,34.69,1,-1,-1,-1
114,45,876.50,540.64,49.30,33.13,1,-1,-1,-1
115,1,2.58,614.97,343.28,453.95,1,-1,-1,-1
115,4,1239.62,532.47,54.80,29.97,1,-1,-1,-1
115,5,750.67,537.29,116.49,89.70,1,-1,-1,-1
115,7,1145.94,531.05,60.14,28.33,1,-1,-1,-1
115,14,1146.10,535.32,19.81,23.56,1,-1,-1,-1
115,18,1239.62,532.47,54.80,29.97,1,-1,-1,-1
115,45,873.67,540.80,51.06,35.27,1,-1,-1,-1
116,1,1.86,676.34,233.78,415.48,1,-1,-1,-1
116,4,1239.97,531.25,60.33,32.36,1,-1,-1,-1
116,5,742.91,536.69,121.05,90.46,1,-1,-1,-1
116,7,1145.81,529.99,61.12,28.73,1,-1,-1,-1
116,14,1146.11,534.75,19.69,22.38,1,-1,-1,-1
116,45,870.14,541.42,53.59,37.02,1,-1,-1,-1
117,4,1241.40,532.09,59.19,30.85,1,-1,-1,-1
117,5,733.02,540.12,129.33,89.63,1,-1,-1,-1
117,7,1145.93,531.33,60.23,27.69,1,-1,-1,-1
117,14,1145.81,535.24,19.97,22.33,1,-1,-1,-1
117,45,866.48,541.56,53.63,35.79,1,-1,-1,-1
118,3,142.15,1065.97,1620.93,114.10,1,-1,-1,-1
118,4,1240.12,532.58,49.34,29.25,1,-1,-1,-1
118,5,722.39,540.92,136.48,94.89,1,-1,-1,-1
118,7,1146.04,531.11,60.49,27.51,1,-1,-1,-1
118,14,1145.83,535.25,20.16,21.84,1,-1,-1,-1
118,33,1058.47,543.05,18.65,15.95,1,-1,-1,-1
118,45,865.63,541.06,56.14,38.11,1,-1,-1,-1
119,4,1239.18,532.65,52.45,30.02,1,-1,-1,-1
119,5,711.65,539.70,143.56,97.34,1,-1,-1,-1
119,7,1145.84,529.87,60.97,29.25,1,-1,-1,-1
119,14,1145.91,534.68,19.94,22.73,1,-1,-1,-1
119,45,864.80,541.05,54.23,37.03,1,-1,-1,-1
120,4,1240.78,531.90,52.93,31.78,1,-1,-1,-1
120,5,697.32,542.68,151.26,98.22,1,-1,-1,-1
120,7,1145.56,530.64,61.72,28.54,1,-1,-1,-1
120,14,1145.34,535.27,20.62,22.72,1,-1,-1,-1
120,45,861.51,541.36,57.49,37.89,1,-1,-1,-1
121,4,1239.19,532.68,51.51,29.72,1,-1,-1,-1
121,5,687.35,543.99,159.86,100.76,1,-1,-1,-1
121,7,1145.76,529.74,62.12,30.27,1,-1,-1,-1
121,14,1145.89,535.19,20.23,23.76,1,-1,-1,-1
121,45,858.68,541.31,60.18,38.53,1,-1,-1,-1
122,4,1239.95,532.88,51.22,28.96,1,-1,-1,-1
122,5,673.40,543.82,167.17,104.72,1,-1,-1,-1
122,7,1145.55,530.26,61.20,28.86,1,-1,-1,-1
122,14,1145.84,534.74,20.06,22.95,1,-1,-1,-1
122,45,853.09,540.84,64.67,39.60,1,-1,-1,-1
123,4,1240.95,532.27,49.65,30.88,1,-1,-1,-1
123,5,660.74,545.31,173.40,111.07,1,-1,-1,-1
123,7,1146.08,530.37,60.09,28.83,1,-1,-1,-1
123,14,1145.83,534.86,20.11,22.87,1,-1,-1,-1
123,45,851.56,541.46,66.02,41.14,1,-1,-1,-1
123,62,1474.26,310.50,443.12,740.46,1,-1,-1,-1
124,4,1240.61,531.72,56.46,32.77,1,-1,-1,-1
124,5,645.91,543.10,180.99,119.56,1,-1,-1,-1
124,7,1146.11,531.62,59.73,27.73,1,-1,-1,-1
124,14,1145.65,535.22,20.00,22.89,1,-1,-1,-1
124,33,1058.19,542.85,20.11,15.96,1,-1,-1,-1
124,45,851.03,541.80,65.49,42.37,1,-1,-1,-1
124,62,1401.70,315.49,517.30,868.33,1,-1,-1,-1
125,4,1239.55,531.99,52.10,29.93,1,-1,-1,-1
125,5,630.40,544.01,188.32,123.81,1,-1,-1,-1
125,7,1145.58,529.90,60.96,29.58,1,-1,-1,-1
125,14,1146.17,534.54,19.54,23.64,1,-1,-1,-1
125,45,847.71,541.99,64.71,42.34,1,-1,-1,-1
126,4,1241.36,531.82,56.22,31.97,1,-1,-1,-1
126,5,612.45,545.71,196.70,131.49,1,-1,-1,-1
126,7,1146.54,530.76,58.51,28.52,1,-1,-1,-1
126,14,1146.30,534.65,19.79,23.28,1,-1,-1,-1
126,45,847.91,541.99,65.54,42.38,1,-1,-1,-1
127,4,1241.57,532.92,36.57,29.98,1,-1,-1,-1
127,5,591.25,545.41,206.52,135.54,1,-1,-1,-1
127,7,1146.14,531.40,58.19,28.17,1,-1,-1,-1
127,14,1145.61,535.10,20.22,23.29,1,-1,-1,-1
127,45,843.82,541.67,68.83,43.66,1,-1,-1,-1
128,5,564.79,544.68,219.97,145.51,1,-1,-1,-1
128,7,1145.55,529.75,65.50,29.45,1,-1,-1,-1
128,14,1146.05,534.39,19.96,23.63,1,-1,-1,-1
128,45,839.42,541.10,72.35,47.03,1,-1,-1,-1
129,5,538.40,545.47,236.19,153.77,1,-1,-1,-1
129,7,1146.20,530.39,63.15,29.32,1,-1,-1,-1
129,14,1145.96,534.45,19.75,23.60,1,-1,-1,-1
129,45,835.88,541.20,73.91,47.79,1,-1,-1,-1
130,5,506.51,544.16,254.14,164.30,1,-1,-1,-1
130,7,1145.53,528.78,64.07,33.31,1,-1,-1,-1
130,45,834.36,543.10,68.62,50.40,1,-1,-1,-1
130,64,242.59,1081.84,1465.78,106.72,1,-1,-1,-1
131,3,206.79,1076.64,1565.18,106.12,1,-1,-1,-1
131,5,472.05,546.11,278.01,175.12,1,-1,-1,-1
131,7,1145.19,530.30,59.74,32.51,1,-1,-1,-1
131,14,1146.07,535.14,19.88,24.39,1,-1,-1,-1
131,45,830.70,541.63,75.20,51.23,1,-1,-1,-1
131,64,206.79,1076.64,1565.18,106.12,1,-1,-1,-1
132,3,235.64,1069.29,1538.39,113.95,1,-1,-1,-1
132,5,431.58,543.40,304.61,190.16,1,-1,-1,-1
132,7,1145.71,530.10,55.27,32.55,1,-1,-1,-1
132,14,1146.19,535.01,19.82,25.42,1,-1,-1,-1
132,45,826.79,540.16,78.40,54.16,1,-1,-1,-1
132,62,1164.65,464.63,365.60,269.20,1,-1,-1,-1
133,3,231.07,1068.73,1590.71,115.69,1,-1,-1,-1
133,5,390.45,544.47,333.41,206.89,1,-1,-1,-1
133,45,823.49,541.24,79.77,53.63,1,-1,-1,-1
133,62,1145.86,471.17,336.24,247.16,1,-1,-1,-1
134,3,251.03,1072.15,1492.08,111.48,1,-1,-1,-1
134,5,334.27,549.18,359.10,215.69,1,-1,-1,-1
134,45,820.04,542.46,76.58,55.51,1,-1,-1,-1
134,62,1147.25,481.17,286.47,216.50,1,-1,-1,-1
135,3,252.88,1076.75,1461.16,109.76,1,-1,-1,-1
135,5,264.48,547.50,411.40,242.26,1,-1,-1,-1
135,22,264.48,547.50,411.40,242.26,1,-1,-1,-1
135,45,817.00,540.70,81.01,59.15,1,-1,-1,-1
135,62,1141.06,483.89,261.67,207.17,1,-1,-1,-1
136,3,200.25,1083.05,1636.92,104.30,1,-1,-1,-1
136,22,179.54,548.97,476.47,272.69,1,-1,-1,-1
136,45,811.63,541.76,83.99,60.80,1,-1,-1,-1
136,62,1126.72,488.63,249.55,193.85,1,-1,-1,-1
136,64,200.25,1083.05,1636.92,104.30,1,-1,-1,-1
137,22,71.53,550.32,548.01,303.68,1,-1,-1,-1
137,45,806.30,542.00,86.86,62.08,1,-1,-1,-1
137,62,1121.35,493.42,225.72,179.70,1,-1,-1,-1
138,22,12.44,554.03,579.24,350.80,1,-1,-1,-1
138,45,801.21,542.90,92.68,63.25,1,-1,-1,-1
139,22,7.94,552.71,537.36,413.05,1,-1,-1,-1
139,33,1058.26,542.51,20.23,16.50,1,-1,-1,-1
139,45,793.71,541.24,100.61,67.73,1,-1,-1,-1
140,1,6.56,552.45,473.00,487.98,1,-1,-1,-1
140,22,6.56,552.45,473.00,487.98,1,-1,-1,-1
140,45,789.17,542.39,99.12,69.83,1,-1,-1,-1
141,1,5.56,560.90,400.74,472.35,1,-1,-1,-1
141,45,781.65,541.64,103.21,71.91,1,-1,-1,-1
142,1,4.60,570.32,307.91,480.91,1,-1,-1,-1
142,33,1056.96,542.12,21.91,17.23,1,-1,-1,-1
142,45,773.58,541.88,103.80,73.69,1,-1,-1,-1
143,1,3.10,626.53,188.16,433.01,1,-1,-1,-1
143,4,1244.57,533.13,43.48,26.69,1,-1,-1,-1
143,33,1055.49,542.35,21.33,16.46,1,-1,-1,-1
143,45,765.14,541.86,107.99,76.77,1,-1,-1,-1
143,66,1090.89,509.24,155.13,123.44,1,-1,-1,-1
144,4,1240.32,531.50,62.76,31.23,1,-1,-1,-1
144,18,1240.32,531.50,62.76,31.23,1,-1,-1,-1
144,45,757.74,541.45,109.40,79.67,1,-1,-1,-1
144,66,1088.67,512.91,147.01,115.11,1,-1,-1,-1
145,18,1239.50,529.96,79.07,34.25,1,-1,-1,-1
145,45,750.33,542.68,115.25,82.06,1,-1,-1,-1
145,66,1084.96,508.84,134.68,114.48,1,-1,-1,-1
146,3,259.86,1072.06,1511.17,110.55,1,-1,-1,-1
146,18,1242.04,529.51,79.29,36.51,1,-1,-1,-1
146,45,739.68,542.88,124.35,87.02,1,-1,-1,-1
146,66,1082.58,508.37,129.13,111.60,1,-1,-1,-1
147,3,165.96,1067.03,1586.18,114.74,1,-1,-1,-1
147,4,1240.20,533.25,43.85,29.23,1,-1,-1,-1
147,18,1239.71,529.74,80.55,37.20,1,-1,-1,-1
147,33,1055.15,543.10,20.91,15.96,1,-1,-1,-1
147,45,727.60,545.59,129.77,87.80,1,-1,-1,-1
147,66,1077.32,512.17,126.38,104.76,1,-1,-1,-1
148,18,1240.42,527.93,87.23,39.51,1,-1,-1,-1
148,33,1056.83,544.07,23.62,16.49,1,-1,-1,-1
148,45,715.38,546.81,137.57,91.76,1,-1,-1,-1
148,66,1076.68,512.75,120.71,101.82,1,-1,-1,-1
149,4,1241.35,533.74,41.26,26.91,1,-1,-1,-1
149,18,1242.39,528.92,82.86,36.97,1,-1,-1,-1
149,33,1055.52,543.38,23.08,16.95,1,-1,-1,-1
149,45,702.78,550.60,145.14,92.67,1,-1,-1,-1
149,66,1077.09,514.84,115.63,98.13,1,-1,-1,-1
150,3,157.00,1067.08,1693.88,122.23,1,-1,-1,-1
150,4,1243.49,533.92,34.75,23.92,1,-1,-1,-1
150,18,1240.72,532.17,57.39,31.57,1,-1,-1,-1
150,33,1055.64,542.48,17.83,16.23,1,-1,-1,-1
150,45,688.32,546.85,154.20,101.86,1,-1,-1,-1
150,66,1072.90,513.88,110.62,95.92,1,-1,-1,-1
151,3,181.27,1061.78,1604.76,121.06,1,-1,-1,-1
151,18,1241.12,526.68,87.33,41.69,1,-1,-1,-1
151,33,1054.55,542.70,19.88,15.47,1,-1,-1,-1
151,45,674.28,546.88,161.76,106.72,1,-1,-1,-1
151,66,1071.98,515.53,104.24,91.94,1,-1,-1,-1
152,3,108.65,1068.04,1715.89,112.40,1,-1,-1,-1
152,4,1241.39,533.93,43.22,28.34,1,-1,-1,-1
152,18,1243.50,530.48,71.19,35.58,1,-1,-1,-1
152,45,655.26,548.98,173.01,112.53,1,-1,-1,-1
152,66,1065.12,517.00,102.74,89.03,1,-1,-1,-1
153,18,1241.93,528.09,83.96,39.36,1,-1,-1,-1
153,45,632.79,548.10,181.55,119.28,1,-1,-1,-1
153,66,1067.81,517.80,97.53,85.74,1,-1,-1,-1
154,3,221.03,1071.84,1570.71,112.01,1,-1,-1,-1
154,4,1242.41,534.27,49.65,29.74,1,-1,-1,-1
154,45,611.21,550.39,190.78,124.85,1,-1,-1,-1
154,66,1062.91,519.26,97.16,82.14,1,-1,-1,-1
155,3,125.28,1079.09,1654.81,101.31,1,-1,-1,-1
155,4,1242.70,535.60,45.20,31.09,1,-1,-1,-1
155,45,586.82,552.97,210.17,129.95,1,-1,-1,-1
155,66,1063.80,520.47,95.10,80.20,1,-1,-1,-1
156,3,171.81,1072.36,1572.30,109.59,1,-1,-1,-1
156,4,1242.27,537.38,46.44,30.13,1,-1,-1,-1
156,45,559.39,555.44,221.81,143.56,1,-1,-1,-1
156,66,1057.98,522.83,94.13,78.28,1,-1,-1,-1
157,3,159.06,1073.23,1561.82,110.70,1,-1,-1,-1
157,4,1242.41,539.58,46.39,29.92,1,-1,-1,-1
157,7,1146.92,540.42,63.43,31.71,1,-1,-1,-1
157,45,522.83,556.73,244.12,157.90,1,-1,-1,-1
157,66,1059.44,525.23,86.03,75.90,1,-1,-1,-1
158,3,207.68,1070.81,1527.00,111.81,1,-1,-1,-1
158,4,1242.78,542.25,37.40,29.27,1,-1,-1,-1
158,45,479.61,557.74,271.88,173.82,1,-1,-1,-1
158,66,1058.12,527.04,85.09,75.49,1,-1,-1,-1
159,3,231.60,1084.35,1459.07,98.94,1,-1,-1,-1
159,4,1242.94,544.88,44.58,30.60,1,-1,-1,-1
159,14,1146.75,547.62,20.10,24.87,1,-1,-1,-1
159,18,1246.97,541.05,79.69,36.42,1,-1,-1,-1
159,45,424.18,561.15,316.50,193.57,1,-1,-1,-1
160,3,269.74,1093.26,1462.55,95.48,1,-1,-1,-1
160,4,1244.94,548.01,40.35,31.90,1,-1,-1,-1
160,5,356.50,566.58,357.13,214.82,1,-1,-1,-1
160,7,1146.47,548.35,64.12,27.69,1,-1,-1,-1
160,14,1147.76,551.24,20.61,22.11,1,-1,-1,-1
160,45,356.50,566.58,357.13,214.82,1,-1,-1,-1
160,66,1057.30,536.18,73.33,68.25,1,-1,-1,-1
161,3,192.51,1092.88,1547.60,94.20,1,-1,-1,-1
161,4,1246.31,550.90,38.87,29.89,1,-1,-1,-1
161,5,274.85,566.46,417.68,247.37,1,-1,-1,-1
161,7,1145.88,550.57,65.10,26.61,1,-1,-1,-1
161,14,1147.72,553.35,23.56,22.96,1,-1,-1,-1
162,3,235.27,1079.01,1528.87,103.64,1,-1,-1,-1
162,4,1250.29,553.50,41.53,31.85,1,-1,-1,-1
162,5,149.15,561.68,506.31,296.03,1,-1,-1,-1
162,14,1153.26,556.52,20.56,20.41,1,-1,-1,-1
162,18,1252.61,547.38,77.41,39.20,1,-1,-1,-1
163,3,182.68,1082.51,1598.63,100.90,1,-1,-1,-1
163,5,21.52,574.16,613.16,340.30,1,-1,-1,-1
163,14,1160.94,557.09,22.72,22.25,1,-1,-1,-1
163,18,1257.82,552.91,63.74,33.87,1,-1,-1,-1
163,64,182.68,1082.51,1598.63,100.90,1,-1,-1,-1
164,5,3.41,582.07,583.42,411.67,1,-1,-1,-1
164,18,1272.74,550.71,48.31,30.83,1,-1,-1,-1
164,22,3.41,582.07,583.42,411.67,1,-1,-1,-1
164,64,60.89,1073.19,1634.59,108.90,1,-1,-1,-1
165,1,9.97,583.65,523.25,529.40,1,-1,-1,-1
165,22,9.97,583.65,523.25,529.40,1,-1,-1,-1
165,64,205.26,1077.63,1506.40,110.13,1,-1,-1,-1
166,1,11.20,598.77,441.60,506.57,1,-1,-1,-1
166,64,224.33,1072.41,1501.80,107.48,1,-1,-1,-1
167,1,2.91,647.88,341.47,466.17,1,-1,-1,-1
167,64,106.12,1094.28,1603.71,85.94,1,-1,-1,-1
168,3,213.73,1078.60,1502.24,103.67,1,-1,-1,-1
168,64,213.73,1078.60,1502.24,103.67,1,-1,-1,-1
179,100,72.08,602.07,244.63,113.98,1,-1,-1,-1
180,100,168.89,595.25,238.44,113.73,1,-1,-1,-1
181,100,273.47,587.17,216.51,112.06,1,-1,-1,-1
182,100,361.48,579.06,222.09,114.13,1,-1,-1,-1
183,22,458.03,570.02,214.10,116.14,1,-1,-1,-1
183,100,458.03,570.02,214.10,116.14,1,-1,-1,-1
184,22,547.79,561.06,216.26,116.86,1,-1,-1,-1
185,22,634.31,554.80,218.88,121.09,1,-1,-1,-1
186,1,3.78,547.32,167.90,204.92,1,-1,-1,-1
186,22,716.39,552.09,222.01,123.73,1,-1,-1,-1
186,126,222.28,1070.85,1525.05,110.17,1,-1,-1,-1
187,1,0.77,550.04,243.71,205.63,1,-1,-1,-1
187,22,793.75,555.54,233.54,127.14,1,-1,-1,-1
187,126,202.34,1092.17,1571.48,97.33,1,-1,-1,-1
187,137,339.62,544.61,31.92,18.70,1,-1,-1,-1
